#!ascii label  , from subject fsaverage vox2ras=TkReg
1302
27  -32.442  -31.875  17.077 30.6971893311
125  -41.227  -25.799  1.674 47.2438201904
269  -41.585  -30.515  6.431 28.9955406189
271  -36.250  -28.210  9.224 46.3301582336
282  -38.375  -37.124  10.818 30.7695999146
283  -48.862  -32.269  4.912 35.2423858643
749  -36.748  -32.157  11.835 37.0001564026
750  -40.125  -28.929  10.530 33.6069183350
751  -34.033  -30.322  12.728 39.3509216309
762  -35.052  -34.867  13.831 28.0467071533
763  -39.088  -34.063  7.453 37.5893287659
1172  -44.123  -22.077  6.082 43.5019989014
1174  -46.199  -19.650  2.537 35.2814064026
1176  -43.996  -23.743  -1.740 34.5077743530
1640  -42.373  -25.161  8.907 29.7734184265
1641  -38.373  -26.720  5.365 56.6528625488
1661  -48.011  -35.819  8.281 28.6094074249
1662  -42.996  -35.539  6.500 39.9260063171
1663  -44.182  -31.628  2.983 30.2980403900
2246  -30.849  -27.661  11.807 30.3765258789
2247  -32.250  -27.163  6.956 36.8670043945
2248  -34.347  -26.541  2.787 39.2493782043
2251  -36.729  -25.466  -1.121 29.9132423401
2669  -34.330  -32.352  14.691 33.2644538879
2670  -35.643  -31.041  13.154 39.4578399658
2671  -32.847  -31.250  14.840 34.6980247498
2682  -33.860  -33.422  16.091 29.7347545624
2683  -35.587  -33.623  12.668 30.9349308014
3092  -42.148  -23.609  3.673 52.8852691650
3093  -44.956  -20.705  4.286 42.7450141907
3094  -43.750  -22.893  1.969 43.0445137024
3095  -45.276  -21.973  0.324 35.9944076538
3096  -42.771  -24.875  -0.112 39.3084983826
3692  -38.174  -27.923  10.601 37.8286437988
3693  -41.389  -27.004  9.920 28.0095729828
3694  -39.076  -26.407  9.079 42.5645332336
3695  -39.987  -25.248  7.282 50.2533798218
3696  -37.265  -27.372  7.266 53.5727920532
3727  -40.393  -38.036  10.457 31.3892059326
3728  -42.747  -37.121  8.482 35.7151756287
3729  -40.523  -36.656  8.369 38.9591941833
3730  -40.026  -32.298  6.647 33.8663864136
3731  -41.423  -33.048  4.850 34.8384628296
3732  -42.406  -30.882  3.990 28.0330429077
4967  -47.542  -18.956  -2.607 30.2248935699
4978  -33.204  -26.790  4.821 38.5298652649
5070  -48.239  -34.014  6.499 33.3845825195
5957  -39.216  -31.592  9.146 37.6836929321
5958  -41.277  -29.956  8.746 31.6716728210
5959  -38.629  -30.660  11.053 40.4300613403
5960  -37.048  -29.482  12.005 40.6693992615
5961  -35.233  -29.236  10.952 40.9304771423
5980  -36.531  -36.080  11.916 28.3303928375
5981  -38.491  -35.743  9.034 35.5222702026
5982  -36.803  -34.688  10.458 31.9687862396
5983  -37.768  -33.063  9.451 36.4476470947
6724  -47.538  -18.488  0.889 30.6595115662
6725  -46.581  -20.685  -1.159 33.5209541321
6726  -45.011  -22.297  -3.228 31.0146999359
6786  -49.654  -30.427  3.372 33.1201972961
7669  -43.173  -23.517  7.594 36.9193458557
7670  -40.898  -24.298  5.406 53.5337638855
7671  -39.718  -26.289  3.457 54.2964935303
7717  -45.410  -35.656  7.168 35.1763267517
7718  -45.856  -33.929  5.345 36.6215896606
7719  -40.884  -34.957  6.361 39.9564323425
7720  -43.490  -33.658  4.548 37.0889778137
7721  -46.432  -32.087  3.574 34.4548988342
9296  -31.154  -29.819  14.622 31.7477283478
9297  -31.829  -29.490  12.131 35.6165428162
9298  -32.755  -29.071  9.857 38.6905899048
9300  -31.394  -27.371  9.276 33.4561996460
9301  -33.947  -28.637  7.672 44.2976684570
9302  -35.140  -28.231  5.646 49.4249801636
9303  -36.450  -27.835  3.648 51.1288681030
9304  -37.800  -27.414  1.695 47.2730216980
9312  -35.609  -26.067  0.800 35.4146766663
9313  -39.187  -26.708  -0.259 40.6903572083
9314  -40.535  -25.726  -2.053 35.2794303894
9315  -41.646  -24.491  -3.683 29.7927989960
10349  -33.229  -32.220  15.952 32.4182662964
10350  -33.613  -31.773  14.912 35.1752662659
10351  -32.540  -31.575  15.950 32.3465499878
10360  -32.623  -32.020  18.263 29.4913864136
10361  -33.258  -32.883  17.844 29.1694259644
10362  -33.193  -32.618  16.784 30.5902671814
10363  -34.083  -32.937  15.348 30.7979145050
10772  -41.696  -24.756  2.635 50.3782081604
10773  -42.903  -23.283  2.780 48.1049766541
10774  -42.554  -24.418  1.791 45.1919631958
10775  -43.323  -24.017  0.940 40.8027305603
10776  -41.968  -25.418  0.830 42.7184867859
11372  -37.188  -27.846  10.001 42.0736274719
11373  -38.701  -27.141  9.872 38.9141273499
11374  -37.663  -27.247  9.134 45.6599731445
11375  -38.098  -26.740  8.227 50.7440605164
11376  -36.731  -27.788  8.286 50.1027717590
11407  -39.307  -37.623  10.593 31.4918251038
11408  -40.445  -37.380  9.373 36.7134895325
11409  -39.390  -36.973  9.524 35.2914962769
11410  -40.782  -31.385  6.408 31.4240550995
11411  -41.222  -31.609  5.193 30.9885826111
11412  -41.885  -30.612  5.047 28.1355228424
12647  -46.754  -19.884  -3.620 29.4010181427
12750  -48.550  -33.115  5.691 34.1885147095
12751  -50.017  -33.173  6.464 29.7122173309
12752  -50.252  -32.275  5.656 30.1776332855
13769  -37.971  -31.944  10.457 39.6022682190
13770  -39.004  -31.164  10.114 39.1398277283
13771  -37.648  -31.419  11.413 40.2621040344
13772  -34.837  -30.585  13.142 40.0008544922
13773  -36.428  -30.258  12.582 40.7873420715
13774  -35.543  -29.934  12.381 40.4881668091
13775  -36.159  -29.230  11.654 40.4580650330
13776  -34.596  -29.797  11.800 39.9406318665
13803  -34.453  -34.619  16.057 28.2086772919
13807  -35.717  -35.494  12.843 28.0527648926
13808  -36.608  -35.431  11.109 29.5854339600
13809  -35.820  -34.847  12.106 28.7407608032
13810  -36.069  -32.892  12.215 33.1575164795
13811  -36.609  -33.349  10.940 32.9498138428
13812  -37.228  -32.640  10.697 36.4989471436
13813  -38.483  -32.311  9.179 38.8812561035
15037  -45.289  -21.898  6.963 33.9263572693
15039  -45.619  -21.003  6.203 35.6329002380
15040  -45.559  -20.167  3.392 38.9299392700
15041  -46.307  -19.394  4.542 33.5629272461
15042  -46.782  -18.689  3.658 30.3056659698
15046  -46.897  -19.074  1.742 32.2659378052
15047  -44.714  -23.015  -0.706 35.4223251343
15048  -45.979  -21.341  -0.409 34.1705970764
15049  -45.316  -22.353  -1.488 33.8968467712
15050  -45.857  -21.565  -2.209 33.0686759949
15051  -44.479  -23.092  -2.527 32.5614814758
15150  -50.132  -29.368  2.655 29.8651504517
15151  -51.409  -29.563  3.479 29.8862857819
16837  -40.824  -29.584  9.763 32.5741233826
16846  -42.748  -24.300  8.301 32.9602546692
16847  -39.008  -25.855  6.258 56.8586883545
16848  -40.459  -24.725  6.366 52.5085563660
16849  -39.540  -25.517  5.309 56.5196342468
16850  -40.168  -25.238  4.359 55.4238548279
16851  -39.012  -26.482  4.391 55.8806800842
16945  -42.906  -36.363  7.480 39.1690559387
16946  -44.064  -36.458  7.791 36.0696182251
16947  -44.221  -35.612  6.767 37.7672271729
16948  -45.613  -34.855  6.261 36.7181205750
16949  -44.457  -34.747  5.789 38.2103157043
16950  -38.749  -34.930  8.186 37.3652458191
16951  -39.642  -35.431  7.674 39.2727203369
16952  -39.873  -34.558  6.817 38.9026565552
16953  -42.768  -32.334  3.789 32.2761535645
16954  -42.419  -33.409  4.496 35.9192199707
16955  -43.859  -32.681  3.703 33.7612686157
16956  -44.954  -32.908  3.945 34.9846153259
16957  -45.312  -31.913  3.133 32.2511177063
16958  -46.833  -31.072  2.751 31.8046035767
16959  -45.650  -30.841  2.429 28.6629791260
20678  -31.134  -29.931  15.969 29.1540927887
20680  -30.728  -27.701  13.159 28.3628005981
20681  -30.923  -28.756  13.213 31.2469978333
20682  -31.168  -28.666  11.886 33.2310829163
20683  -32.275  -29.290  10.951 36.7023239136
20684  -31.481  -28.531  10.615 34.3668441772
20688  -31.537  -26.087  8.099 31.5071239471
20689  -31.248  -26.289  9.279 30.5248508453
20690  -31.752  -27.249  8.107 35.3388671875
20691  -32.408  -28.214  8.322 38.2427177429
20692  -32.957  -28.092  7.211 41.0130157471
20693  -34.499  -28.424  6.666 47.1775169373
20694  -33.476  -27.952  6.121 43.3139839172
20695  -33.805  -26.670  3.788 38.8061790466
20696  -34.710  -27.581  4.082 45.5534057617
20697  -35.320  -27.399  3.090 45.7318725586
20698  -37.111  -27.615  2.694 49.6624832153
20699  -35.944  -27.189  2.113 44.0281715393
20720  -36.195  -25.788  -0.143 32.4079627991
20721  -37.297  -26.657  0.128 39.2505111694
20722  -37.919  -26.291  -0.846 36.6806259155
20723  -39.864  -26.240  -1.206 37.9204978943
20724  -38.530  -25.903  -1.747 33.9308700562
20726  -39.642  -24.912  -3.521 28.4800872803
23237  -35.522  -32.344  13.278 34.1359176636
23238  -36.314  -31.630  12.717 38.1980476379
23239  -34.902  -31.784  13.851 36.1327857971
23240  -34.166  -31.231  13.946 37.7458000183
23241  -33.382  -30.806  13.693 37.1218490601
23259  -33.875  -33.748  17.115 29.0559024811
23260  -34.465  -34.217  15.075 28.9006938934
23261  -35.236  -34.245  13.187 28.6654376984
23262  -34.729  -33.618  14.352 29.4911537170
23263  -35.020  -32.990  13.805 31.4842052460
23998  -42.944  -22.647  4.836 51.0261611938
23999  -44.497  -21.337  5.177 43.7355957031
24000  -43.557  -22.165  3.953 48.5019569397
24001  -44.245  -21.711  3.094 44.8621330261
24002  -44.992  -21.324  2.249 40.0007781982
24003  -45.780  -20.826  1.460 36.3552703857
24004  -44.490  -22.540  1.113 38.6844253540
24005  -44.090  -23.513  0.099 37.3732910156
24006  -43.416  -24.358  -0.952 36.4814949036
25078  -39.199  -28.320  10.861 35.3235778809
25079  -40.793  -27.956  10.228 29.9880561829
25080  -39.782  -27.431  10.292 33.8195533752
25081  -40.290  -26.542  9.671 34.8877067566
25082  -40.699  -25.759  9.026 37.3799209595
25083  -41.146  -24.983  8.305 41.4698829651
25084  -39.559  -25.803  8.237 46.7398071289
25085  -38.574  -26.266  7.226 55.4254570007
25086  -37.823  -27.011  6.312 55.9280891418
25141  -41.464  -38.368  10.458 28.6688861847
25142  -42.633  -37.911  9.575 31.5756626129
25143  -41.529  -37.726  9.400 34.4665184021
25144  -41.647  -36.958  8.342 38.4649696350
25145  -41.744  -36.150  7.340 41.9523353577
25146  -39.444  -33.223  6.968 37.2531738281
25147  -40.206  -33.622  6.083 37.9732627869
25148  -40.665  -32.634  5.547 34.3235397339
25149  -41.880  -31.960  4.324 31.1677093506
25150  -43.200  -31.251  3.266 28.7946510315
27373  -48.143  -17.976  -1.629 29.2128791809
27391  -31.876  -25.995  6.927 31.5151138306
27392  -32.691  -27.005  5.864 37.7398719788
27393  -32.200  -25.751  5.885 31.2577419281
27394  -32.631  -25.603  4.797 31.3121967316
27395  -33.082  -25.381  3.774 31.0642929077
27410  -37.301  -25.138  -2.034 27.9574260712
27558  -48.082  -34.908  7.386 32.2081565857
27559  -49.705  -35.002  7.991 28.2502822876
27560  -49.834  -34.082  7.260 29.2208347321
29261  -40.441  -31.157  7.757 33.7418785095
29262  -41.538  -30.244  7.608 30.5444164276
29263  -40.290  -30.820  8.864 35.5289192200
29264  -39.990  -30.392  9.906 36.7682151794
29265  -39.400  -29.854  10.806 37.5547065735
29266  -37.149  -30.851  12.266 40.5657920837
29267  -37.938  -30.049  11.803 40.5777702332
29268  -38.625  -29.196  11.353 37.9026412964
29269  -37.649  -28.697  11.358 38.5150489807
29270  -36.708  -28.514  10.851 40.2698669434
29271  -35.852  -28.665  10.082 43.0013008118
29314  -37.428  -36.644  11.335 29.6376705170
29315  -38.384  -36.491  9.917 33.6277275085
29316  -37.475  -35.950  10.407 31.4780464172
29317  -37.629  -35.204  9.608 33.4401817322
29318  -37.901  -34.415  8.972 35.4028167725
29319  -36.109  -34.120  11.471 30.7663497925
29320  -37.187  -33.890  9.894 34.1096916199
29321  -38.317  -33.580  8.450 36.6584930420
29322  -38.936  -32.754  8.017 37.7694168091
29323  -39.633  -31.924  7.818 35.8328552246
31041  -45.943  -20.180  5.374 36.4417648315
31050  -48.045  -17.728  0.139 29.3158111572
31051  -46.455  -20.270  0.664 33.8021354675
31052  -47.060  -19.644  -0.128 32.7516441345
31053  -47.628  -18.886  -0.888 31.9953861237
31054  -47.119  -19.885  -1.920 32.7291755676
31055  -46.329  -20.761  -2.932 31.8491458893
31056  -45.437  -21.519  -3.984 29.1501407623
31194  -49.291  -31.361  4.121 35.5553703308
31195  -50.554  -31.431  4.921 30.9025211334
31196  -50.977  -30.487  4.177 30.7577457428
33434  -44.848  -22.781  7.574 30.2771987915
33435  -43.612  -22.771  6.837 40.3990440369
33436  -41.577  -24.304  7.497 45.4499931335
33437  -41.953  -23.691  6.585 48.2194480896
33438  -42.430  -23.119  5.771 49.8825874329
33439  -41.504  -23.923  4.531 53.6116485596
33440  -40.911  -25.007  3.458 53.3151435852
33441  -40.486  -26.076  2.531 51.0111999512
33560  -46.550  -36.621  8.692 28.1563606262
33561  -43.948  -37.283  8.818 31.7807617188
33562  -45.293  -36.501  8.205 32.1281356812
33563  -46.655  -35.719  7.720 32.1618995667
33564  -46.830  -34.829  6.728 35.1516265869
33565  -47.031  -33.993  5.908 35.8350791931
33566  -47.324  -33.115  5.078 35.8393516541
33567  -39.508  -36.273  8.595 37.3686218262
33568  -40.677  -35.858  7.385 40.8911056519
33569  -41.879  -35.308  6.344 41.0187416077
33570  -41.061  -34.055  5.560 38.7426300049
33571  -42.146  -34.387  5.380 39.5120849609
33572  -43.261  -34.631  5.499 39.6011466980
33573  -44.646  -33.846  4.869 37.0353431702
33574  -46.165  -32.978  4.418 35.9661979675
33575  -47.668  -32.178  4.210 35.4214515686
33576  -47.997  -31.241  3.369 34.2421531677
33577  -48.421  -30.247  2.605 30.9994087219
35100  -31.775  -31.018  17.196 28.9291515350
38126  -31.736  -30.829  15.983 31.0963802338
38127  -31.871  -30.619  14.742 33.9186744690
38128  -32.336  -30.357  13.478 36.3196678162
38129  -30.775  -28.833  14.563 28.8027153015
38130  -31.428  -29.694  13.357 33.7864570618
38131  -32.883  -30.059  12.324 38.0495376587
38132  -33.373  -29.702  11.279 38.7491188049
38133  -33.967  -29.335  10.303 40.1151123047
38134  -34.515  -29.017  9.353 42.1845512390
38139  -31.015  -26.373  10.533 28.9907226562
38140  -31.094  -27.570  10.517 31.6364879608
38141  -31.950  -28.370  9.421 36.1753463745
38142  -33.362  -28.867  8.760 40.9695281982
38143  -35.032  -28.712  8.340 45.9675407410
38144  -35.637  -28.370  7.386 50.0435752869
38145  -36.251  -28.068  6.436 53.5114974976
38146  -36.858  -27.822  5.496 54.6937599182
38147  -34.043  -27.733  5.081 45.0963973999
38148  -35.820  -28.052  4.657 50.5617523193
38149  -37.527  -27.628  4.468 54.6813507080
38150  -38.222  -27.388  3.478 53.0396804810
38151  -38.949  -27.143  2.545 50.9519615173
38152  -39.649  -26.908  1.565 47.7614669800
38173  -33.577  -25.182  2.712 30.5344066620
38175  -34.156  -25.008  1.713 28.6753120422
38176  -34.962  -26.304  1.780 37.6755790710
38177  -36.603  -26.956  1.142 42.0515937805
38178  -38.553  -27.116  0.711 43.8387794495
38179  -40.388  -26.559  0.624 44.3725547791
38180  -41.075  -26.091  -0.310 41.0277976990
38181  -41.748  -25.567  -1.182 38.0524101257
38182  -42.325  -24.979  -2.026 35.2670669556
38183  -39.099  -25.458  -2.659 31.0815353394
38184  -41.147  -25.139  -2.897 32.8397254944
38185  -42.889  -24.326  -2.825 32.6756286621
38186  -43.394  -23.624  -3.580 30.0211677551
41069  -32.805  -32.067  16.534 32.1446762085
41070  -32.881  -31.897  15.987 33.0169754028
41071  -32.463  -31.724  16.519 31.4310073853
41080  -32.513  -31.961  17.659 30.0719318390
41081  -32.851  -32.359  17.552 30.1578235626
41082  -32.815  -32.260  16.991 31.0954380035
41083  -33.223  -32.422  16.346 31.4407768250
41492  -41.484  -25.318  2.159 48.8218917847
41493  -42.107  -24.602  2.217 47.7840156555
41494  -41.923  -25.143  1.734 46.2786521912
41495  -42.294  -24.934  1.318 43.7583236694
41496  -41.588  -25.612  1.259 44.9205398560
42092  -36.721  -27.999  9.624 44.6439476013
42093  -37.419  -27.548  9.551 43.7291526794
42094  -36.928  -27.755  9.204 46.9255180359
42095  -37.181  -27.473  8.721 49.5336761475
42096  -36.498  -28.006  8.754 48.2081604004
42123  -37.847  -37.174  11.609 28.7088108063
42125  -38.298  -37.422  11.455 28.9499187469
42126  -38.763  -37.671  11.329 29.1275978088
42127  -38.776  -37.373  10.725 31.1552009583
42128  -39.354  -37.295  10.044 33.4950637817
42129  -38.859  -37.068  10.184 32.9464225769
42130  -41.208  -30.931  6.348 30.2822284698
42131  -41.378  -31.009  5.678 29.5134029388
42132  -41.746  -30.551  5.712 28.1291542053
43367  -46.342  -20.199  -4.083 28.0749702454
43368  -46.953  -19.369  -3.958 28.1525230408
43470  -48.686  -32.714  5.289 34.6931762695
43471  -49.365  -32.691  5.637 32.3484764099
43472  -49.518  -32.305  5.296 32.7530975342
44489  -37.357  -32.048  11.137 38.7022781372
44490  -37.813  -31.690  10.941 39.9193191528
44491  -37.199  -31.793  11.605 39.1197280884
44492  -34.463  -30.424  12.940 39.6941947937
44493  -35.215  -30.267  12.737 40.5209159851
44494  -34.799  -30.128  12.517 40.0663909912
44495  -35.062  -29.851  12.113 40.1943664551
44496  -34.313  -30.084  12.276 39.6451148987
44523  -34.740  -34.803  14.935 28.1703891754
44527  -35.368  -35.181  13.327 28.0266857147
44528  -35.754  -35.159  12.436 28.4797363281
44529  -35.412  -34.883  12.985 28.2609195709
44530  -36.392  -32.538  12.023 34.9941558838
44531  -36.625  -32.769  11.432 34.8099861145
44532  -36.992  -32.404  11.269 36.7024726868
44533  -37.593  -32.280  10.572 38.3835678101
45757  -44.720  -21.949  6.571 38.9488182068
45758  -45.462  -21.433  6.607 35.0434341431
45759  -44.855  -21.528  6.161 39.6686935425
45760  -45.881  -19.919  2.962 36.8705406189
45761  -46.176  -19.430  3.531 34.4498825073
45762  -46.447  -19.114  3.092 32.7512092590
45763  -47.064  -18.389  3.200 28.5290527344
45764  -46.755  -18.823  2.635 31.0999794006
45765  -47.109  -18.545  2.240 29.4564647675
45766  -46.533  -19.388  2.125 33.7577857971
45767  -44.394  -23.394  -1.234 34.9951782227
45768  -45.009  -22.689  -1.110 34.6602783203
45769  -44.641  -23.095  -1.658 34.1176605225
45770  -44.910  -22.749  -2.022 33.2311782837
45771  -44.244  -23.434  -2.156 33.5301933289
45871  -51.036  -28.979  2.740 29.3191432953
47557  -40.482  -29.270  10.209 32.9196472168
47558  -41.229  -29.097  9.655 30.0727939606
47559  -40.890  -28.770  10.103 30.5172748566
47560  -42.175  -25.599  9.209 28.4564628601
47566  -42.546  -24.705  8.604 31.1918697357
47567  -38.673  -26.276  5.813 56.7529411316
47568  -39.270  -25.669  5.789 57.0068588257
47569  -38.924  -26.127  5.334 56.8100204468
47570  -39.232  -25.993  4.853 56.2133178711
47571  -38.683  -26.590  4.878 56.5923271179
47665  -42.960  -35.949  6.983 39.8449554443
47666  -43.552  -35.993  7.104 38.6285362244
47667  -43.632  -35.589  6.618 38.8750762939
47668  -44.321  -35.195  6.297 38.0476722717
47669  -43.712  -35.157  6.137 38.9880218506
47670  -38.899  -34.530  7.825 37.4277610779
47671  -39.319  -34.746  7.462 38.2380218506
47672  -39.463  -34.304  7.092 38.2554321289
47673  -43.469  -31.998  3.369 31.2545375824
47674  -43.299  -32.536  3.690 33.0035324097
47675  -44.001  -32.201  3.337 32.0375633240
47676  -44.596  -32.314  3.378 32.8452568054
47677  -44.743  -31.796  3.025 31.1332988739
47678  -45.464  -31.417  2.759 30.6626071930
47679  -44.904  -31.239  2.677 29.3756370544
51400  -30.787  -27.708  12.451 29.7255420685
51401  -30.847  -28.217  12.458 31.1656570435
51402  -30.962  -28.205  11.807 31.8218059540
51403  -31.332  -28.613  11.248 33.7952842712
51404  -31.099  -28.127  11.195 32.4236183167
51408  -31.836  -26.659  7.473 34.0151214600
51409  -31.612  -26.676  8.040 33.5157890320
51410  -32.022  -27.201  7.522 36.2263145447
51411  -32.299  -27.714  7.611 38.1530303955
51412  -32.557  -27.671  7.050 39.2888984680
51413  -33.225  -28.025  6.675 42.2560615540
51414  -32.820  -27.607  6.511 40.0756111145
51415  -34.068  -26.569  3.302 39.0003471375
51416  -34.519  -27.083  3.410 42.3702316284
51417  -34.804  -27.009  2.915 42.5499496460
51418  -35.648  -27.288  2.602 44.8738098145
51419  -35.129  -26.895  2.416 41.8126144409
51439  -35.713  -25.240  -0.209 28.5198173523
51440  -36.463  -25.638  -0.637 31.1015453339
51441  -37.007  -26.106  -0.514 34.7027778625
51442  -37.275  -25.919  -1.007 33.3180084229
51443  -38.227  -26.105  -1.297 35.2361984253
51444  -37.608  -25.767  -1.476 32.0561714172
54089  -34.905  -32.390  13.977 33.7089729309
54090  -35.283  -32.068  13.587 35.1454010010
54091  -34.596  -32.081  14.234 34.6435012817
54092  -33.253  -31.513  14.882 35.1015319824
54093  -33.897  -31.518  14.411 36.6306571960
54094  -33.499  -31.266  14.366 36.3148918152
54095  -33.778  -31.004  13.854 37.4503669739
54096  -33.091  -31.026  14.261 36.0194053650
54123  -33.520  -33.180  16.985 29.6138114929
54124  -33.567  -33.311  17.509 29.0943794250
54125  -33.829  -33.586  16.613 29.4046535492
54126  -34.145  -34.011  16.147 29.0370254517
54127  -34.164  -33.826  15.631 29.3242282867
54128  -34.580  -33.895  14.693 29.1959705353
54129  -34.315  -33.555  15.240 29.6129741669
54130  -34.176  -32.628  15.012 31.9451255798
54131  -34.536  -32.982  14.599 31.0788974762
54132  -34.693  -32.670  14.291 32.3662452698
54133  -35.225  -32.673  13.542 32.7877197266
55357  -42.494  -23.092  4.243 52.0614662170
55358  -43.229  -22.412  4.374 49.9637527466
55359  -42.840  -22.858  3.815 50.3447227478
55360  -43.344  -23.090  2.390 45.4485473633
55361  -43.568  -22.506  2.913 46.2820014954
55362  -43.969  -22.307  2.498 43.9917106628
55363  -44.618  -21.501  2.664 42.4092216492
55364  -44.368  -22.110  2.073 41.6626510620
55365  -44.726  -21.916  1.655 39.3684310913
55366  -44.139  -22.708  1.529 40.8348922729
55367  -43.048  -24.513  0.426 39.8955154419
55368  -43.690  -23.805  0.516 39.0524673462
55369  -43.424  -24.233  -0.017 38.3647918701
55370  -43.767  -24.001  -0.460 36.8761711121
55371  -43.089  -24.634  -0.549 37.8684501648
57157  -38.697  -28.085  10.780 36.3835182190
57158  -39.507  -27.879  10.562 34.5228996277
57159  -38.969  -27.660  10.486 36.1486854553
57160  -38.919  -26.779  9.466 40.5116539001
57161  -39.483  -26.819  9.770 37.0247077942
57162  -39.690  -26.450  9.406 38.7816009521
57163  -40.502  -26.153  9.347 36.0357933044
57164  -39.881  -26.087  9.045 40.6087799072
57165  -40.107  -25.724  8.690 42.4763832092
57166  -39.311  -26.106  8.685 44.6818161011
57167  -37.688  -26.996  7.748 53.6082649231
57168  -38.351  -26.489  7.747 53.4423942566
57169  -37.913  -26.828  7.252 55.3361358643
57170  -38.180  -26.633  6.719 56.0783500671
57171  -37.519  -27.189  6.794 55.3039588928
57258  -39.757  -38.143  11.145 29.3208522797
57260  -40.310  -38.341  11.034 28.3301601410
57262  -40.930  -38.215  10.446 30.0402240753
57263  -41.498  -38.040  9.928 31.5923080444
57264  -40.958  -37.900  9.908 32.9873771667
57265  -40.471  -37.031  8.849 38.0177764893
57266  -41.042  -37.201  8.833 38.0957221985
57267  -41.087  -36.810  8.321 39.7547798157
57268  -41.724  -36.545  7.800 40.2017250061
57269  -41.122  -36.436  7.825 40.6808433533
57270  -39.745  -32.750  6.775 35.5511703491
57271  -40.068  -32.936  6.239 35.8413581848
57272  -40.330  -32.466  6.044 34.0915985107
57273  -41.838  -31.238  4.504 29.5627670288
57274  -41.523  -31.778  4.721 31.0703620911
57275  -42.139  -31.416  4.131 29.5717430115
57276  -42.528  -31.597  3.750 29.8537826538
57277  -42.770  -31.058  3.593 28.1058311462
60982  -47.876  -18.487  -2.119 30.1946201324
60984  -48.068  -18.000  -2.453 28.8359775543
61011  -31.650  -25.393  7.601 29.0742359161
61012  -31.787  -25.295  7.044 28.6907348633
61013  -32.010  -25.894  6.400 31.1610717773
61014  -31.919  -25.189  6.493 28.1647224426
61018  -32.849  -25.476  4.271 31.1733779907
61290  -48.169  -34.450  6.938 33.1163978577
61291  -48.927  -34.487  7.316 31.5340595245
61292  -49.000  -34.025  6.895 31.5960750580
64349  -39.834  -31.406  8.434 36.1290512085
64350  -40.367  -31.001  8.324 34.7571067810
64351  -39.746  -31.220  8.989 37.1491622925
64352  -38.847  -30.926  10.569 39.8860435486
64353  -39.549  -30.801  9.963 38.8196525574
64354  -39.318  -30.549  10.459 39.4533348083
64355  -39.693  -30.189  10.379 37.3250617981
64356  -39.008  -30.263  10.923 39.6551895142
64357  -36.039  -31.312  12.974 38.8437614441
64358  -36.733  -31.229  12.470 40.1247596741
64359  -36.416  -30.934  12.766 40.5803604126
64360  -36.769  -29.885  12.277 40.7378311157
64361  -37.200  -30.126  12.252 40.6633110046
64362  -37.555  -29.768  11.981 40.6323547363
64363  -38.320  -29.631  11.604 39.4522056580
64364  -37.846  -29.353  11.714 39.4569854736
64365  -38.129  -28.942  11.458 38.1753654480
64366  -37.379  -29.112  11.701 39.5299186707
64367  -35.666  -29.212  11.334 40.5941314697
64368  -36.394  -28.879  11.254 40.2443695068
64369  -35.957  -28.897  10.898 40.9299278259
64370  -36.227  -28.593  10.461 41.5082397461
64371  -35.522  -28.954  10.522 41.8351402283
64461  -36.940  -36.665  12.189 27.9703083038
64462  -36.971  -36.377  11.602 29.0101718903
64463  -37.446  -36.299  10.844 30.6688823700
64464  -37.005  -36.034  11.150 29.7887554169
64465  -36.676  -35.060  10.765 30.8030014038
64466  -37.098  -35.331  10.351 31.3224773407
64467  -37.180  -34.959  10.029 32.5341110229
64468  -37.742  -34.823  9.288 34.5056266785
64469  -37.320  -34.582  9.731 33.7369422913
64470  -35.387  -33.941  12.936 29.7745304108
64471  -35.634  -34.216  12.367 29.4758529663
64472  -35.829  -33.860  12.068 30.7073650360
64473  -37.179  -33.209  10.177 34.7177391052
64474  -36.890  -33.600  10.393 33.3759155273
64475  -37.441  -33.465  9.674 35.1763267517
64476  -37.730  -33.760  9.177 35.5764961243
64477  -38.022  -33.317  8.948 36.5730514526
64478  -38.601  -33.154  8.222 37.5611190796
64479  -38.350  -32.914  8.738 37.7583885193
64480  -38.820  -31.951  9.187 38.2582588196
64481  -39.069  -32.126  8.492 37.5247650146
64482  -39.436  -31.753  8.468 36.8052673340
64483  -40.044  -31.528  7.752 34.9742698669
68160  -44.741  -21.020  4.734 43.5078849792
68161  -45.236  -20.733  5.299 39.9235000610
68162  -45.418  -20.364  4.855 39.5572624207
68164  -46.868  -19.221  5.008 28.6783733368
68181  -47.794  -18.129  0.498 30.0830917358
68182  -45.518  -21.412  0.889 36.2272262573
68183  -46.119  -20.570  1.066 35.0424461365
68184  -45.879  -21.161  0.481 35.1954231262
68185  -46.282  -21.018  -0.788 33.7856864929
68186  -46.550  -20.491  -0.260 33.8499145508
68187  -46.836  -20.180  -0.648 33.6293334961
68188  -47.359  -19.285  -0.496 32.4282684326
68189  -47.129  -19.807  -1.039 33.3824081421
68190  -47.393  -19.432  -1.419 32.9177589417
68191  -46.856  -20.285  -1.563 33.2518920898
68192  -45.432  -21.966  -2.706 32.0480804443
68193  -46.125  -21.194  -2.580 32.6036949158
68194  -45.690  -21.565  -3.093 31.3917083740
68195  -45.891  -21.153  -3.452 30.5025234222
68196  -45.203  -21.935  -3.621 30.1641693115
68490  -49.506  -30.906  3.742 34.3828659058
68491  -50.130  -30.916  4.139 33.4827766418
68492  -50.325  -30.462  3.772 33.1222534180
68494  -52.044  -29.635  3.879 27.9460487366
73552  -41.432  -30.105  8.214 31.1795139313
73553  -42.055  -29.778  7.533 28.5963592529
73554  -41.947  -29.660  8.111 28.9515361786
73560  -41.108  -27.472  10.058 28.4333972931
73577  -43.857  -23.573  7.943 31.5283489227
73578  -44.666  -23.239  7.852 28.5456943512
73579  -44.031  -23.138  7.587 33.7449264526
73580  -44.263  -22.720  7.281 35.4598655701
73581  -43.412  -23.108  7.218 38.8276100159
73582  -40.555  -25.071  7.827 46.3726730347
73583  -41.354  -24.638  7.919 43.7028884888
73584  -40.771  -24.746  7.419 48.1922645569
73585  -40.675  -24.511  5.868 53.0858192444
73586  -41.201  -24.193  6.468 50.1116981506
73587  -41.421  -23.933  6.017 50.9072456360
73588  -42.185  -23.412  6.163 49.1658592224
73589  -41.653  -23.717  5.570 51.4703330994
73590  -41.934  -23.478  5.109 51.7818908691
73591  -41.183  -24.102  4.972 53.6997718811
73592  -39.875  -25.803  3.912 54.8832817078
73593  -40.517  -25.130  3.916 54.4545936584
73594  -40.303  -25.671  3.452 53.6415901184
73595  -40.721  -25.570  3.006 52.2814445496
73596  -40.108  -26.175  3.001 52.6829833984
73875  -42.676  -37.514  9.010 33.9975242615
73876  -43.278  -37.613  9.169 31.9435291290
73877  -43.332  -37.213  8.632 34.0756301880
73878  -44.723  -36.072  7.485 35.7248649597
73879  -44.673  -36.481  7.992 34.1398963928
73880  -45.363  -36.061  7.694 34.0576286316
73881  -45.946  -36.123  7.955 32.2872543335
73882  -46.028  -35.683  7.430 33.7569961548
73883  -46.728  -35.276  7.216 33.7573432922
73884  -46.109  -35.256  6.938 34.9790725708
73885  -45.730  -34.385  5.804 36.7797737122
73886  -46.312  -34.439  6.088 36.2556762695
73887  -46.436  -33.974  5.636 36.2430763245
73888  -47.174  -33.554  5.483 35.8791046143
73889  -46.593  -33.536  5.211 36.1392440796
73890  -38.403  -36.131  9.461 34.5665473938
73891  -38.925  -36.394  9.249 35.5721969604
73892  -38.972  -36.023  8.803 36.5283699036
73893  -40.240  -35.216  7.024 39.7149429321
73894  -40.161  -35.677  7.486 40.0804367065
73895  -40.746  -35.426  6.906 40.3702697754
73896  -41.257  -35.605  6.858 41.0546836853
73897  -41.364  -35.161  6.339 40.4703598022
73898  -40.785  -33.363  5.449 36.4414596558
73899  -40.591  -33.861  5.805 38.3776283264
73900  -41.240  -33.551  5.190 36.8091163635
73901  -42.953  -33.531  4.462 36.5233192444
73902  -42.260  -33.894  4.927 37.7393493652
73903  -42.808  -34.022  4.918 38.2477188110
73904  -42.714  -34.514  5.406 39.9059753418
73905  -43.348  -34.154  5.026 38.4433021545
73906  -43.931  -34.241  5.163 38.1330718994
73907  -44.047  -33.772  4.699 37.0914382935
73908  -45.661  -32.523  3.738 34.5073928833
73909  -45.496  -33.001  4.190 35.5079574585
73910  -46.280  -32.550  4.000 35.2858581543
73911  -46.908  -32.580  4.295 35.6070518494
73912  -47.062  -32.083  3.844 35.1918792725
73913  -47.837  -31.682  3.764 35.0904350281
73914  -47.221  -31.631  3.437 34.6983985901
73915  -47.011  -30.551  2.390 29.8182525635
73916  -47.616  -30.640  2.648 31.5057716370
73917  -47.800  -30.122  2.282 29.5519199371
73918  -48.647  -29.705  2.289 29.2435550690
85072  -31.499  -30.519  17.300 28.0611000061
85073  -31.732  -30.908  16.603 29.8892974854
85074  -31.441  -30.461  16.639 29.1360301971
85075  -31.119  -29.899  15.301 30.4078693390
85076  -31.367  -30.312  15.379 31.8979778290
85077  -31.486  -30.249  14.657 33.1736412048
85078  -32.099  -30.512  14.092 35.2203063965
85079  -31.664  -30.152  13.996 34.1634483337
85083  -31.266  -29.175  12.629 33.7254600525
85084  -31.121  -29.237  13.281 32.5147438049
85085  -31.625  -29.605  12.726 34.8872566223
85086  -32.068  -29.941  12.775 36.0859451294
85087  -32.347  -29.840  12.182 36.8170318604
85088  -33.147  -29.887  11.797 38.3712501526
85089  -32.566  -29.678  11.631 37.2272262573
85090  -32.495  -29.179  10.409 37.4881248474
85091  -33.068  -29.430  10.560 38.3113479614
85092  -33.327  -29.255  10.056 39.3662376404
85093  -34.224  -29.167  9.825 41.1108589172
85094  -33.599  -29.126  9.546 40.5061492920
85106  -31.287  -26.857  9.254 32.0545463562
85107  -31.130  -26.317  9.893 29.8307704926
85108  -31.119  -26.909  9.851 31.1692523956
85109  -31.008  -26.999  10.503 30.2143955231
85110  -31.187  -27.458  9.908 32.4991722107
85111  -31.428  -27.998  9.887 33.8580093384
85112  -31.623  -27.887  9.320 34.8177490234
85113  -33.152  -28.508  7.934 41.1555061340
85114  -32.859  -28.571  8.506 39.5920906067
85115  -33.637  -28.739  8.202 42.6580657959
85116  -34.156  -28.868  8.510 43.6969375610
85117  -34.460  -28.733  8.000 45.8346099854
85118  -35.352  -28.518  7.864 48.0598182678
85119  -34.769  -28.616  7.508 47.6900978088
85120  -34.832  -28.323  6.147 48.2965087891
85121  -35.358  -28.359  6.514 50.3305168152
85122  -35.689  -28.239  6.013 51.4876365662
85123  -36.557  -27.976  5.934 54.8003883362
85124  -35.975  -28.142  5.523 52.5535774231
85125  -32.901  -26.878  5.344 38.1746978760
85126  -33.303  -27.411  5.428 41.3302536011
85127  -33.579  -27.292  4.926 41.8873481750
85128  -35.564  -27.819  3.826 48.8227615356
85129  -35.264  -27.903  4.334 48.5782585144
85130  -36.156  -27.942  4.145 50.8078002930
85131  -36.696  -27.898  4.549 52.6856842041
85132  -37.026  -27.814  4.030 52.8822364807
85133  -37.863  -27.494  3.969 54.0499534607
85134  -37.383  -27.708  3.538 52.2432289124
85135  -37.452  -27.499  2.196 48.6619606018
85136  -38.041  -27.503  2.576 50.4552726746
85137  -38.399  -27.364  2.097 49.3427581787
85138  -39.311  -27.040  2.032 49.3426170349
85139  -38.751  -27.236  1.604 47.7692947388
85196  -35.147  -25.510  0.728 31.1330986023
85198  -34.841  -25.621  1.197 32.3455581665
85199  -34.530  -25.700  1.699 33.2896537781
85200  -35.295  -26.190  1.280 36.7492294312
85201  -35.767  -26.669  1.430 40.4599647522
85202  -36.090  -26.543  0.934 39.4213562012
85203  -38.241  -26.753  -0.107 40.1316375732
85204  -37.926  -26.942  0.386 41.5318145752
85205  -38.884  -26.903  0.219 42.2815093994
85206  -39.470  -26.913  0.615 44.5255661011
85207  -39.804  -26.724  0.108 42.7126274109
85208  -40.719  -26.307  0.156 42.6378746033
85209  -40.138  -26.474  -0.327 41.0338668823
85210  -40.225  -26.017  -1.638 36.5940055847
85211  -40.838  -25.982  -1.252 38.0348434448
85212  -41.187  -25.698  -1.640 36.6347808838
85213  -42.058  -25.281  -1.603 36.6305274963
85214  -41.487  -25.433  -2.066 35.3060493469
85216  -38.167  -25.343  -2.407 29.7132740021
85217  -38.494  -25.142  -2.862 28.4038524628
85218  -40.662  -24.733  -3.658 29.0850601196
85219  -40.421  -25.080  -3.249 30.9261054993
85220  -41.389  -24.801  -3.303 31.3242492676
85221  -42.052  -24.779  -2.879 32.6308097839
85222  -42.290  -24.459  -3.262 31.2157936096
85223  -43.133  -23.997  -3.189 31.3433609009
85224  -42.527  -24.128  -3.641 29.7711791992
85973  -51.481  -31.021  4.959 28.1857528687
85974  -51.339  -31.430  5.289 27.9646034241
92357  -33.742  -32.301  15.329 32.8313026428
92358  -33.960  -32.045  14.873 34.1951255798
92359  -33.361  -32.009  15.441 33.7689361572
92360  -33.011  -31.733  15.464 33.9951324463
92361  -32.667  -31.433  15.358 33.4605178833
92376  -32.800  -32.060  18.842 28.3217391968
92377  -33.093  -32.528  18.637 28.2516212463
92378  -32.945  -32.452  18.140 29.3198528290
92379  -33.192  -32.761  17.335 29.8552379608
92380  -33.536  -33.018  16.473 30.1471977234
92381  -33.991  -33.190  15.705 30.1991920471
92382  -33.624  -32.793  16.068 30.8046875000
92383  -33.686  -32.546  15.705 31.5846424103
93118  -41.878  -24.193  3.116 51.9679489136
93119  -42.525  -23.439  3.221 50.5687675476
93120  -42.294  -24.023  2.702 49.3233718872
93121  -42.713  -23.908  2.275 46.6709251404
93122  -43.161  -23.656  1.881 44.0304756165
93123  -43.567  -23.457  1.452 41.8894157410
93124  -42.983  -24.212  1.357 42.6354103088
93125  -42.672  -24.758  0.869 41.4674491882
93126  -42.382  -25.137  0.354 40.7961006165
94198  -37.664  -27.827  10.344 39.8099975586
94199  -38.446  -27.533  10.256 38.2702522278
94200  -37.933  -27.486  9.922 40.8355140686
94201  -38.161  -27.126  9.514 42.1233253479
94202  -38.373  -26.810  9.102 44.2005615234
94203  -38.555  -26.536  8.673 46.5410919189
94204  -37.864  -26.948  8.696 48.1315765381
94205  -37.420  -27.249  8.244 51.8672523499
94206  -37.013  -27.550  7.783 51.8378906250
94260  -39.255  -37.917  11.203 29.2517700195
94261  -39.846  -37.838  10.504 31.7973480225
94262  -40.410  -37.710  9.909 34.3768959045
94263  -39.881  -37.518  9.946 34.0105094910
94264  -39.920  -37.191  9.412 36.0110549927
94265  -39.936  -36.833  8.943 37.2037162781
94266  -40.382  -31.833  6.509 32.5031547546
94267  -40.621  -31.972  5.919 32.3648796082
94268  -40.964  -31.478  5.780 30.8895549774
94269  -41.582  -31.108  5.053 29.5515155792
94270  -42.114  -30.730  4.459 28.0926151276
96493  -47.161  -19.449  -3.118 30.2805995941
96494  -47.740  -18.483  -2.969 28.9969978333
96495  -47.362  -18.983  -3.491 29.1662845612
96678  -48.395  -33.556  6.099 33.7439994812
96679  -49.111  -33.582  6.473 31.7503337860
96680  -49.205  -33.127  6.047 31.9952869415
96681  -50.112  -32.720  6.040 29.9068927765
98513  -38.588  -31.775  9.822 38.8125762939
98514  -39.115  -31.391  9.665 38.4192886353
98515  -38.476  -31.546  10.285 39.3365745544
98516  -38.335  -31.301  10.728 39.8647422791
98517  -38.140  -31.034  11.195 40.3608551025
98518  -35.248  -30.795  13.209 40.0233154297
98519  -36.077  -30.650  12.883 40.8232803345
98520  -35.635  -30.446  12.867 40.9473991394
98521  -36.005  -30.057  12.559 40.8168907166
98522  -36.313  -29.696  12.202 40.7034111023
98523  -36.630  -29.316  11.882 40.5078849792
98524  -35.873  -29.569  12.038 40.5291633606
98525  -35.387  -29.535  11.745 40.4006195068
98526  -34.931  -29.529  11.390 40.3216781616
98573  -34.233  -34.336  17.105 28.0162944794
98581  -36.097  -35.797  12.367 28.0853996277
98582  -36.570  -35.762  11.517 28.9298343658
98583  -36.146  -35.472  11.946 28.7040348053
98584  -36.196  -35.127  11.570 29.1631889343
98585  -36.298  -34.766  11.221 30.3014202118
98586  -35.787  -33.259  12.420 32.0633506775
98587  -36.050  -33.506  11.792 31.8849468231
98588  -36.313  -33.138  11.617 33.0241432190
98589  -36.890  -32.984  10.797 34.6850395203
98590  -37.513  -32.837  10.016 36.3305969238
98591  -38.129  -32.675  9.270 37.9342765808
98592  -37.846  -32.486  9.951 38.1356849670
98593  -38.177  -32.147  9.908 39.2734603882
100797  -46.101  -21.432  6.900 28.8531932831
100798  -46.246  -20.931  6.596 29.4242572784
100799  -46.419  -20.490  6.237 30.0849761963
100800  -45.216  -20.423  3.836 40.8806190491
100801  -45.623  -20.044  4.415 37.9302482605
100802  -45.849  -19.710  3.968 36.2380218506
100803  -46.559  -19.053  4.087 32.0431327820
100811  -47.485  -18.188  1.868 28.2531452179
100812  -47.227  -18.797  1.314 31.2491779327
100813  -45.022  -22.498  -0.201 35.6964111328
100814  -45.657  -21.686  -0.048 35.0685462952
100815  -45.347  -22.225  -0.568 34.8551330566
100816  -45.673  -21.876  -0.946 34.0359687805
100817  -45.967  -21.516  -1.328 33.6939201355
100818  -46.281  -21.111  -1.730 33.4091796875
100819  -45.599  -21.966  -1.868 33.4940376282
100820  -45.159  -22.377  -2.363 32.6610298157
100821  -44.756  -22.694  -2.862 31.8122978210
100998  -49.869  -29.901  2.999 31.7616462708
100999  -50.555  -29.985  3.416 32.6689834595
101000  -50.780  -29.473  3.063 31.3400039673
101001  -51.669  -29.077  3.177 28.7237262726
104035  -41.081  -29.785  9.252 32.1376113892
104036  -41.763  -29.545  8.638 29.3468322754
104037  -41.520  -29.358  9.156 29.7223434448
104051  -43.608  -24.000  8.236 29.3142776489
104052  -42.989  -23.916  7.950 34.9417610168
104053  -39.460  -25.492  6.698 54.1263046265
104054  -40.218  -24.977  6.809 51.8014373779
104055  -39.717  -25.286  6.281 55.3222923279
104056  -39.950  -25.072  5.797 55.7153892517
104057  -40.181  -24.918  5.280 55.9692115784
104058  -40.497  -24.733  4.867 55.9383430481
104059  -39.798  -25.373  4.829 55.9937362671
104060  -39.567  -25.886  4.371 55.5695495605
104061  -39.341  -26.374  3.925 55.1230583191
104229  -42.844  -36.761  7.995 37.4304618835
104230  -43.424  -36.810  8.111 36.0161361694
104231  -43.491  -36.389  7.601 37.7454147339
104232  -44.134  -36.031  7.274 37.3160209656
104233  -44.806  -35.634  6.945 36.5163269043
104234  -45.497  -35.253  6.691 36.0587577820
104235  -44.905  -35.230  6.487 37.0721168518
104236  -45.021  -34.809  6.021 37.4157867432
104237  -45.142  -34.349  5.558 37.2789268494
104238  -38.613  -35.343  8.563 36.5512275696
104239  -39.049  -35.628  8.364 37.5046043396
104240  -39.188  -35.175  7.890 38.3251991272
104241  -39.750  -34.993  7.221 39.0359001160
104242  -40.342  -34.790  6.591 39.4739913940
104243  -42.084  -32.693  4.295 33.4145469666
104244  -41.900  -33.220  4.624 35.3504028320
104245  -42.590  -32.874  4.133 34.0590667725
104246  -43.133  -33.037  4.064 34.7583007812
104247  -43.675  -33.174  4.094 35.4744567871
104248  -44.254  -33.280  4.202 35.8537292480
104249  -44.416  -32.795  3.780 34.4227790833
104250  -45.116  -32.426  3.491 33.6846199036
104251  -45.881  -32.000  3.311 33.3681945801
104252  -46.638  -31.580  3.158 33.4726028442
104253  -46.083  -31.488  2.914 32.0778656006
104254  -46.233  -30.985  2.555 30.1988239288
104255  -46.423  -30.414  2.196 28.1806259155
110948  -31.193  -29.979  16.640 27.9915065765
110951  -30.918  -29.413  15.269 28.9211769104
110953  -30.729  -28.250  13.867 28.5212249756
110954  -30.793  -28.238  13.172 29.8460445404
110955  -31.022  -28.733  12.487 32.5574188232
110956  -31.441  -29.094  12.021 34.4686965942
110957  -32.010  -29.389  11.560 36.1256370544
110958  -31.638  -29.028  11.390 35.0873985291
110959  -31.839  -28.951  10.780 35.7186927795
110960  -32.059  -28.836  10.209 36.4807586670
110966  -31.416  -25.580  8.786 29.2159099579
110967  -31.307  -25.687  9.369 28.8262710571
110968  -31.397  -26.206  8.686 31.1083545685
110969  -31.452  -26.790  8.657 32.8269538879
110970  -31.584  -27.328  8.690 34.3918304443
110971  -31.798  -27.813  8.741 35.7909812927
110972  -32.025  -27.775  8.197 36.8761405945
110973  -32.687  -28.164  7.759 39.6724929810
110974  -33.434  -28.418  7.411 42.6602897644
110975  -34.237  -28.565  7.148 45.8727645874
110976  -33.686  -28.350  6.885 44.0644073486
110977  -33.980  -28.273  6.348 45.2347602844
110978  -34.285  -28.146  5.844 46.3102874756
110979  -33.541  -26.770  4.275 38.6970443726
110980  -33.881  -27.246  4.431 42.1741790771
110981  -34.209  -27.151  3.901 42.2546043396
110982  -35.005  -27.488  3.565 45.6322555542
110983  -35.868  -27.687  3.332 48.8776435852
110984  -36.766  -27.781  3.180 50.4896392822
110985  -36.190  -27.589  2.861 47.9030609131
110986  -36.528  -27.461  2.371 46.8854141235
110987  -36.841  -27.347  1.886 45.9539031982
111023  -35.428  -25.388  0.271 29.7672920227
111024  -35.885  -25.948  0.319 33.8476333618
111025  -36.426  -26.432  0.432 37.8102836609
111026  -36.723  -26.265  -0.036 36.2035064697
111027  -37.597  -26.490  -0.364 37.9960632324
111028  -38.593  -26.568  -0.598 38.7500877380
111029  -39.515  -26.484  -0.735 39.2383003235
111030  -38.903  -26.364  -1.092 37.5081138611
111031  -39.211  -26.124  -1.515 36.4149055481
111032  -39.502  -25.918  -1.955 35.2150497437
111038  -41.862  -24.153  -4.083 28.0787506104
115661  -36.163  -32.268  12.557 35.3368949890
115662  -36.562  -31.891  12.273 37.5159683228
115663  -35.926  -32.001  12.943 36.2036247253
115664  -35.621  -31.712  13.265 37.0296134949
115665  -35.284  -31.411  13.478 37.8341674805
115666  -34.235  -31.784  14.409 35.6101837158
115667  -34.539  -31.500  13.948 37.1069374084
115668  -34.871  -31.144  13.585 38.6062698364
115669  -34.478  -30.915  13.514 38.8640937805
115670  -34.089  -30.725  13.387 38.5679550171
115671  -33.686  -30.571  13.224 38.2358818054
115709  -33.387  -32.981  18.361 28.2871952057
115710  -33.689  -33.430  18.044 28.4046401978
115711  -33.967  -33.899  17.597 28.3927364349
115712  -34.173  -34.190  16.638 28.6294345856
115713  -34.448  -34.427  15.559 28.6041240692
115714  -34.776  -34.539  14.421 28.4747123718
115715  -35.133  -34.563  13.514 28.3594284058
115716  -34.858  -34.229  14.093 28.7786502838
115717  -34.981  -33.926  13.769 29.0785770416
115718  -35.141  -33.650  13.505 30.0827884674
115719  -34.432  -33.294  14.890 30.0147228241
115720  -34.861  -33.320  14.098 30.4049339294
115721  -35.321  -33.312  13.253 31.1859416962
115722  -35.530  -32.967  12.963 32.2663421631
115723  -35.819  -32.621  12.771 33.3357887268
117436  -43.503  -22.289  5.499 48.2484626770
117437  -44.280  -21.707  5.613 43.8814430237
117438  -43.732  -22.006  4.999 48.2395095825
117439  -44.009  -21.688  4.572 47.7431488037
117440  -44.282  -21.423  4.141 47.1530647278
117441  -43.186  -22.700  3.352 48.3786964417
117442  -43.859  -21.925  3.519 46.9084701538
117443  -44.564  -21.174  3.697 45.6961326599
117444  -44.927  -20.891  3.248 43.1447639465
117445  -45.273  -20.720  2.825 40.6189575195
117446  -45.620  -20.513  2.406 38.1455841064
117447  -45.989  -20.254  1.998 36.5149040222
117448  -45.370  -21.093  1.836 37.7220573425
117449  -45.124  -21.687  1.272 37.3281021118
117450  -44.889  -22.269  0.717 36.9455642700
117451  -43.922  -23.286  1.032 39.9035148621
117452  -44.298  -23.058  0.601 37.9941558838
117453  -44.683  -22.770  0.198 36.5684280396
117454  -44.398  -23.265  -0.325 36.2138404846
117455  -44.086  -23.698  -0.831 35.8503341675
117456  -43.760  -24.045  -1.325 35.4633789062
119956  -39.708  -28.606  10.750 34.4055671692
119957  -40.479  -28.447  10.400 31.7711296082
119958  -40.009  -28.145  10.539 33.0861663818
119959  -40.342  -27.675  10.328 31.8211708069
119960  -40.585  -27.197  10.103 31.0209541321
119961  -39.242  -27.249  10.136 36.0877571106
119962  -40.060  -26.942  10.018 33.8718414307
119963  -40.855  -26.728  9.852 31.3083972931
119964  -41.105  -26.276  9.596 31.6715679169
119965  -41.314  -25.899  9.291 32.1358032227
119966  -41.525  -25.465  9.005 33.7270545959
119967  -41.730  -25.033  8.684 35.4332313538
119968  -40.930  -25.391  8.673 39.3457565308
119969  -40.355  -25.387  8.234 44.4534034729
119970  -39.753  -25.490  7.736 48.5552940369
119971  -38.799  -26.230  8.242 48.9685592651
119972  -39.044  -25.984  7.737 51.0655822754
119973  -39.259  -25.745  7.213 52.6698646545
119974  -38.822  -26.066  6.704 56.5404319763
119975  -38.435  -26.437  6.250 56.4101371765
119976  -38.098  -26.853  5.852 56.2843589783
120104  -42.619  -38.254  10.104 28.5045623779
120105  -42.048  -38.150  9.994 30.1725425720
120106  -42.068  -37.811  9.438 33.0329475403
120107  -42.109  -37.445  8.920 35.3840522766
120108  -40.980  -37.561  9.376 35.9023780823
120109  -41.568  -37.363  8.878 36.7448196411
120110  -42.184  -37.093  8.421 37.0949363708
120111  -42.267  -36.695  7.901 38.8236656189
120112  -42.324  -36.270  7.386 40.5789184570
120113  -42.349  -35.874  6.903 41.0016441345
120114  -39.280  -33.625  7.172 37.8526687622
120115  -39.659  -33.835  6.731 38.3762893677
120116  -39.852  -33.385  6.441 37.6087837219
120117  -40.434  -33.115  5.775 36.1349067688
120118  -41.020  -32.840  5.154 34.5498237610
120119  -40.913  -32.130  5.374 32.5268096924
120120  -41.241  -32.318  4.899 32.6860084534
120121  -41.642  -32.498  4.542 32.8710365295
120122  -42.300  -32.146  4.004 31.6127109528
120123  -42.985  -31.780  3.500 30.5272846222
120124  -43.703  -31.418  3.037 29.5205574036
120125  -44.409  -31.046  2.680 28.5625648499
125342  -30.793  -27.160  12.462 28.1518993378
125351  -31.540  -25.452  8.197 29.3185405731
125352  -31.711  -26.094  7.471 31.6326847076
125353  -32.038  -26.624  6.882 34.2814407349
125354  -32.474  -27.104  6.394 37.2802009583
125355  -32.215  -26.525  6.336 34.3174514771
125356  -32.394  -26.392  5.858 34.6017112732
125357  -32.629  -26.291  5.308 34.8278045654
125358  -32.076  -25.064  5.960 28.0904903412
125359  -32.418  -25.663  5.340 31.3592376709
125360  -32.904  -26.232  4.762 34.9742584229
125361  -33.173  -26.180  4.238 35.0407600403
125362  -33.398  -26.043  3.733 35.1502952576
125363  -33.672  -25.975  3.246 35.1796302795
125396  -37.036  -25.323  -1.562 28.8541927338
125742  -48.071  -35.351  7.848 30.4463176727
125743  -48.810  -35.401  8.123 28.6519699097
125744  -48.870  -34.939  7.704 30.5958633423
125745  -49.770  -34.535  7.642 29.1479892731
125747  -49.940  -33.618  6.865 29.4821128845
129893  -41.023  -30.889  7.070 31.2907543182
129894  -41.555  -30.384  7.026 29.8132896423
129895  -40.968  -30.730  7.682 32.2117958069
129896  -40.908  -30.566  8.233 33.0252761841
129897  -40.813  -30.390  8.778 33.6269989014
129898  -39.651  -31.014  9.528 38.0730590820
129899  -40.186  -30.606  9.384 36.1699295044
129900  -40.661  -30.192  9.335 34.1720809937
129901  -40.399  -29.996  9.831 34.6869888306
129902  -40.088  -29.737  10.299 35.1689987183
129903  -39.732  -29.418  10.703 35.5459709167
129904  -36.987  -31.524  12.088 39.6272506714
129905  -37.447  -31.139  11.879 40.4298019409
129906  -37.876  -30.764  11.650 40.4787063599
129907  -36.810  -30.540  12.486 40.6833801270
129908  -37.552  -30.466  12.040 40.5785140991
129909  -38.278  -30.349  11.494 40.5113105774
129910  -38.677  -29.940  11.323 39.5169677734
129911  -39.037  -29.514  11.138 37.7017784119
129912  -39.386  -29.041  10.935 35.9611549377
129913  -38.909  -28.768  11.074 36.4423866272
129914  -38.400  -28.519  11.111 36.9753532410
129915  -37.914  -28.285  11.012 37.6977043152
129916  -36.916  -28.903  11.559 39.7842979431
129917  -37.176  -28.556  11.149 39.2822380066
129918  -37.438  -28.181  10.750 38.9924926758
129919  -36.953  -28.192  10.412 40.6758956909
129920  -36.496  -28.269  10.050 42.6465148926
129921  -36.056  -28.410  9.665 44.4984359741
130035  -37.391  -36.930  11.870 28.3474369049
130036  -37.905  -36.887  11.061 30.2514991760
130037  -38.382  -36.829  10.368 32.3578796387
130038  -37.893  -36.558  10.603 31.5250968933
130039  -37.916  -36.213  10.140 32.5535202026
130040  -37.962  -35.845  9.716 33.5120849609
130041  -37.048  -35.705  10.726 30.3477954865
130042  -37.533  -35.586  9.998 32.4407844543
130043  -38.060  -35.466  9.292 34.5068969727
130044  -38.186  -35.070  8.881 35.5560760498
130045  -38.321  -34.691  8.556 36.3917922974
130046  -38.497  -34.260  8.223 36.5934104919
130047  -35.495  -34.568  12.669 28.3423671722
130048  -35.926  -34.498  11.770 29.7795448303
130049  -36.441  -34.403  10.932 31.3754405975
130050  -36.333  -33.734  11.139 31.7204627991
130051  -36.637  -34.001  10.592 32.3868675232
130052  -36.960  -34.321  10.160 33.0807342529
130053  -37.514  -34.181  9.430 34.7798538208
130054  -38.101  -34.002  8.677 35.9352989197
130055  -38.711  -33.827  7.893 36.8976707458
130056  -38.917  -33.400  7.687 37.3298187256
130057  -39.188  -32.972  7.452 37.1931228638
130058  -39.484  -32.541  7.333 35.9482727051
130059  -38.720  -32.525  8.569 38.3412170410
130060  -39.267  -32.331  7.897 36.7511596680
130061  -39.826  -32.106  7.206 34.8076324463
130062  -40.198  -31.703  7.123 33.7625274658
130063  -40.617  -31.270  7.069 32.6242713928
134721  -45.037  -21.135  5.724 39.8090744019
134722  -45.789  -20.558  5.826 36.3059082031
134723  -46.544  -20.070  5.822 30.5421066284
134724  -46.117  -19.776  4.958 35.0205421448
134725  -46.674  -19.637  5.437 29.6288337708
134749  -46.334  -19.972  1.622 34.9329681396
134750  -46.675  -19.694  1.212 33.4138221741
134751  -46.996  -19.384  0.793 32.4222259521
134752  -46.229  -20.819  0.122 34.2280731201
134753  -46.771  -19.953  0.285 33.1185989380
134754  -47.277  -19.087  0.397 31.8155345917
134755  -47.554  -18.696  0.015 31.2562503815
134756  -47.841  -18.308  -0.358 30.6536369324
134757  -48.114  -17.866  -0.757 29.0842494965
134758  -47.885  -18.511  -1.260 30.6003189087
134759  -47.638  -19.002  -1.769 31.5531597137
134760  -47.329  -19.451  -2.270 31.4734134674
134761  -46.523  -20.744  -2.071 33.1187438965
134762  -46.743  -20.338  -2.424 32.5585289001
134763  -46.951  -19.901  -2.766 31.4110450745
134764  -46.535  -20.343  -3.286 30.6334571838
134765  -46.116  -20.705  -3.793 29.2963790894
134766  -45.676  -20.996  -4.280 27.9536476135
135138  -49.055  -31.804  4.489 35.7959861755
135139  -49.688  -31.862  4.917 33.2207908630
135140  -49.914  -31.390  4.522 33.7219772339
135141  -50.766  -30.965  4.554 30.9133968353
135142  -51.660  -30.559  4.612 28.2672119141
135143  -51.174  -30.023  3.816 30.5027751923
135144  -51.854  -30.090  4.229 28.2203998566
141418  -42.109  -29.899  6.941 28.1628475189
141427  -41.202  -28.253  9.988 28.2207908630
141451  -45.083  -22.354  7.270 32.0297279358
141452  -44.470  -22.343  6.934 37.1896400452
141453  -43.852  -22.408  6.473 41.9505195618
141454  -41.942  -24.623  8.312 37.2459106445
141455  -42.177  -24.245  7.960 39.0672874451
141456  -42.353  -23.902  7.546 40.8416213989
141457  -41.006  -24.460  6.958 49.2339134216
141458  -41.724  -23.972  7.022 46.9535293579
141459  -42.533  -23.555  7.109 42.5478897095
141460  -42.760  -23.176  6.744 44.1951713562
141461  -43.000  -22.901  6.325 45.5859107971
141462  -43.253  -22.594  5.930 46.9264488220
141463  -42.706  -22.889  5.311 50.5033760071
141464  -42.201  -23.283  4.669 51.9831962585
141465  -41.774  -23.753  4.089 53.3855018616
141466  -40.815  -24.555  4.407 55.2186393738
141467  -41.162  -24.436  3.980 54.3024597168
141468  -41.512  -24.336  3.553 53.3217277527
141469  -41.308  -24.911  3.045 52.1089973450
141470  -41.125  -25.456  2.562 50.8535346985
141471  -40.889  -25.992  2.097 49.3827552795
141812  -47.293  -36.240  8.485 28.6000118256
141813  -43.250  -38.010  9.719 29.1758480072
141814  -43.926  -37.698  9.348 29.4564228058
141815  -44.577  -37.332  9.007 29.4157581329
141816  -43.985  -36.901  8.290 34.0025749207
141817  -44.593  -36.916  8.495 31.8448810577
141818  -45.250  -36.942  8.687 29.6057395935
141819  -45.897  -36.564  8.442 30.0643024445
141820  -46.593  -36.181  8.228 30.4706096649
141821  -47.347  -35.753  8.019 30.4115009308
141822  -47.381  -35.307  7.530 32.1377449036
141823  -47.437  -34.852  7.009 33.7699623108
141824  -47.526  -34.425  6.594 34.6395950317
141825  -46.221  -34.851  6.491 35.9711532593
141826  -46.929  -34.414  6.308 35.6991996765
141827  -47.643  -33.987  6.168 35.1088104248
141828  -47.795  -33.530  5.776 35.5883865356
141829  -47.928  -33.116  5.375 35.7006416321
141830  -48.068  -32.688  4.986 35.7020072937
141831  -38.882  -36.763  9.720 34.5349235535
141832  -39.428  -36.623  9.078 36.3800010681
141833  -40.009  -36.462  8.456 38.1549720764
141834  -39.574  -35.903  8.137 38.3794441223
141835  -40.110  -36.103  7.961 39.1479339600
141836  -40.622  -36.264  7.860 39.9118347168
141837  -41.192  -36.013  7.341 41.6265678406
141838  -41.792  -35.735  6.843 41.7730178833
141839  -42.418  -35.436  6.400 40.9231719971
141840  -39.999  -34.100  6.433 38.8719406128
141841  -40.459  -34.333  6.182 39.3448677063
141842  -40.971  -34.510  5.968 39.6628379822
141843  -41.737  -33.736  5.017 37.2591171265
141844  -41.573  -34.228  5.418 39.1162796021
141845  -41.497  -34.683  5.855 40.0085411072
141846  -42.018  -34.853  5.850 40.3865509033
141847  -42.558  -34.978  5.884 40.7054939270
141848  -43.091  -35.104  6.008 39.8745956421
141849  -43.818  -34.722  5.639 38.9675865173
141850  -44.539  -34.309  5.347 37.7521247864
141851  -45.257  -33.902  5.091 36.8967285156
141852  -44.780  -33.394  4.410 36.1105461121
141853  -45.381  -33.434  4.627 36.3061027527
141854  -46.003  -33.467  4.890 36.3637847900
141855  -46.744  -33.075  4.766 35.9415245056
141856  -47.471  -32.676  4.649 35.6733627319
141857  -48.259  -32.232  4.556 35.6193885803
141858  -48.464  -31.779  4.149 35.4571723938
141859  -48.670  -31.314  3.739 34.9115600586
141860  -48.810  -30.841  3.352 33.5362854004
141861  -47.420  -31.130  3.007 33.4455413818
141862  -48.205  -30.736  2.975 32.6692924500
141863  -48.987  -30.332  2.959 32.0637321472
141864  -49.257  -29.797  2.624 30.5061054230
141865  -49.505  -29.255  2.296 28.4013862610
146315  -32.226  -31.586  17.639 29.0498619080
146316  -32.091  -31.463  17.128 29.8042716980
146317  -31.932  -31.106  17.701 28.0850715637
146803  -32.359  -31.630  18.237 28.3603267670
155336  -32.070  -31.325  16.560 30.6558094025
155337  -32.117  -31.211  15.955 31.7188758850
155338  -32.207  -31.095  15.367 32.9505424500
155339  -31.388  -30.382  16.022 30.4805908203
155340  -31.766  -30.726  15.387 32.4507827759
155341  -32.312  -30.944  14.848 34.3101310730
155342  -32.560  -30.778  14.194 35.6395530701
155343  -32.845  -30.605  13.597 36.7412338257
155344  -33.096  -30.429  13.049 37.8544807434
155347  -30.908  -29.336  14.606 30.3127517700
155348  -30.826  -28.795  13.890 29.9775123596
155349  -31.009  -29.291  13.942 31.3646354675
155350  -31.290  -29.741  13.973 32.7548484802
155351  -31.861  -30.045  13.355 35.0878982544
155352  -32.563  -30.202  12.863 37.3167915344
155353  -33.429  -30.240  12.546 38.8754196167
155354  -33.718  -30.020  12.028 39.2599487305
155355  -33.993  -29.819  11.521 39.7334709167
155356  -34.322  -29.560  11.058 40.1403045654
155357  -32.791  -29.536  11.110 37.7019615173
155358  -33.681  -29.539  10.784 39.1952934265
155359  -34.616  -29.322  10.608 40.8941040039
155360  -34.942  -29.079  10.147 41.7554588318
155361  -35.230  -28.849  9.710 42.6871299744
155362  -35.401  -28.690  9.264 44.1972351074
155371  -30.844  -27.081  11.775 28.8415565491
155375  -31.212  -25.732  9.973 28.3194656372
155378  -30.942  -26.437  11.179 28.0670070648
155379  -30.925  -27.058  11.109 29.5217323303
155380  -30.963  -27.598  11.163 31.0100936890
155381  -31.247  -28.056  10.567 33.0248489380
155382  -31.715  -28.440  10.010 35.1832504272
155383  -32.314  -28.753  9.631 37.5106124878
155384  -32.180  -28.285  8.859 37.1626625061
155385  -32.593  -28.663  9.072 38.5340309143
155386  -33.058  -28.951  9.303 39.9239921570
155387  -33.894  -29.024  9.020 41.7414703369
155388  -34.753  -28.854  8.863 43.9244194031
155389  -35.652  -28.503  8.783 46.1329574585
155390  -35.935  -28.304  8.286 48.1140441895
155391  -36.207  -28.129  7.832 50.0758514404
155392  -36.489  -27.930  7.331 51.8040580750
155393  -35.056  -28.459  7.011 49.1471672058
155394  -35.959  -28.215  6.917 51.7750549316
155395  -36.777  -27.764  6.861 53.5399551392
155396  -37.065  -27.627  6.404 55.2761764526
155397  -37.354  -27.460  5.917 55.7846717834
155398  -37.656  -27.339  5.441 56.1672706604
155399  -33.075  -27.552  5.943 40.7234840393
155400  -33.759  -27.833  5.600 44.3466835022
155401  -34.562  -28.080  5.335 47.4102897644
155402  -34.396  -27.683  4.558 45.5290908813
155403  -34.896  -27.995  4.850 48.2832717896
155404  -35.421  -28.148  5.171 50.3881340027
155405  -36.334  -28.027  5.057 52.5861320496
155406  -37.183  -27.697  4.992 54.6377601624
155407  -37.979  -27.236  4.921 56.5656471252
155408  -38.296  -27.108  4.420 55.9588356018
155409  -38.642  -27.011  3.944 54.8314895630
155410  -39.010  -26.887  3.471 53.7699546814
155411  -37.695  -27.596  3.065 51.3261833191
155412  -38.583  -27.295  3.010 52.0727958679
155413  -39.393  -26.777  3.006 52.6398010254
155414  -39.751  -26.702  2.498 50.9783134460
155415  -40.107  -26.567  2.035 49.3566093445
155416  -40.461  -26.452  1.593 47.7755165100
155478  -33.336  -25.290  3.243 30.8370952606
155479  -33.938  -25.906  2.715 35.1081695557
155486  -33.833  -25.089  2.193 29.6291065216
155487  -34.200  -25.814  2.199 34.2163887024
155488  -34.652  -26.409  2.271 38.5883293152
155489  -35.446  -26.790  1.908 41.1036682129
155490  -36.281  -27.060  1.623 43.2384834290
155491  -37.182  -27.259  1.359 44.6554603577
155492  -36.982  -26.821  0.637 40.5984115601
155493  -37.581  -27.101  0.896 43.0360565186
155494  -38.175  -27.249  1.215 45.5038757324
155495  -39.114  -27.103  1.103 46.2325477600
155496  -39.994  -26.761  1.078 46.2239875793
155497  -40.807  -26.260  1.131 45.7387275696
155498  -41.199  -26.020  0.698 43.7137374878
155499  -41.608  -25.774  0.222 41.8171653748
155500  -41.951  -25.523  -0.228 40.1666641235
155501  -40.469  -26.236  -0.789 39.4925842285
155502  -41.422  -25.832  -0.763 39.5467376709
155503  -42.275  -25.315  -0.691 38.7644767761
155504  -42.596  -25.041  -1.108 37.4208564758
155505  -42.896  -24.718  -1.518 36.1220970154
155506  -43.205  -24.433  -1.890 35.0687637329
155507  -37.896  -25.580  -1.936 30.9446201324
155508  -38.800  -25.699  -2.218 32.5072898865
155509  -39.807  -25.641  -2.398 33.7743988037
155510  -39.418  -25.181  -3.088 29.7359313965
155511  -40.112  -25.369  -2.819 32.3303565979
155512  -40.835  -25.439  -2.489 34.0432281494
155513  -41.756  -25.117  -2.480 34.0331382751
155514  -42.634  -24.669  -2.443 33.9811592102
155515  -43.458  -24.092  -2.303 34.0176353455
155516  -43.699  -23.769  -2.701 32.9264373779
155517  -43.965  -23.409  -3.053 31.7161731720
155518  -44.211  -23.013  -3.411 30.6557006836
155519  -42.725  -23.808  -4.062 28.3266792297
155520  -43.623  -23.248  -3.939 28.8030414581
155521  -44.428  -22.657  -3.792 29.5446815491
155522  -44.679  -22.236  -4.168 28.3940505981
156415  -50.410  -31.871  5.300 30.5037517548
