#!ascii label  , from subject fsaverage vox2ras=TkReg
704
128  -47.701  -39.151  11.791 30.5446815491
281  -40.571  -36.991  20.229 27.4387645721
547  -61.187  -34.075  9.617 32.8608741760
1203  -42.186  -40.400  16.066 30.8186874390
1204  -42.852  -39.687  21.880 27.5065917969
1205  -46.459  -41.260  17.150 26.8889408112
1207  -52.701  -39.436  13.749 27.3330421448
1208  -59.375  -37.557  12.183 32.5174369812
1209  -54.204  -36.554  10.081 30.3640537262
1660  -42.605  -38.606  10.621 27.2728805542
2281  -62.713  -40.169  13.274 31.2196331024
2282  -64.044  -36.930  10.532 29.3729171753
3123  -44.595  -40.230  13.582 31.5681629181
3124  -44.271  -40.883  16.530 29.6257438660
3125  -47.034  -40.448  14.265 29.8981094360
3126  -49.264  -40.638  15.247 27.6093540192
3127  -50.246  -39.348  12.691 30.6912746429
3128  -53.509  -38.147  11.743 30.4211177826
3129  -50.815  -37.900  10.872 30.5895175934
5062  -59.339  -42.008  14.864 27.8567180634
5063  -61.939  -41.866  14.329 29.0674343109
5064  -60.467  -40.249  13.968 30.6868495941
5065  -60.231  -35.810  10.690 33.6817054749
5066  -62.145  -36.841  11.610 33.0944671631
5067  -63.095  -35.141  10.342 30.9968833923
5069  -64.051  -33.520  9.432 28.4277858734
6773  -40.622  -39.285  18.774 29.6100158691
6774  -41.399  -38.333  21.370 28.4972591400
6775  -42.334  -40.281  19.124 28.9871425629
6776  -44.209  -41.033  19.526 26.9593524933
6782  -58.427  -39.221  13.742 29.1329479218
6783  -56.025  -38.584  12.716 28.5403652191
6784  -56.916  -36.991  11.005 31.6526298523
6785  -57.728  -35.174  9.597 31.6158409119
7712  -40.351  -39.671  15.835 28.3292179108
7713  -42.334  -39.896  13.131 30.3161621094
7714  -45.053  -38.919  11.044 29.5001316071
7715  -47.938  -37.601  9.903 27.1785125732
9388  -42.846  -37.120  23.517 27.2429313660
9405  -63.916  -40.667  11.832 27.0984611511
9406  -61.284  -38.549  12.951 32.7643432617
9407  -63.359  -38.553  12.018 31.9709815979
9412  -51.203  -36.161  9.259 27.0943241119
9413  -54.815  -34.802  8.690 27.5816555023
9414  -58.364  -33.565  8.498 29.1335124969
9417  -62.118  -32.346  8.659 29.5272254944
10803  -46.071  -39.739  12.564 31.1214542389
10804  -45.842  -40.323  13.847 30.9889450073
10805  -47.423  -39.846  12.971 30.6737594604
10806  -48.580  -39.976  13.441 30.0705909729
10807  -49.026  -39.252  12.216 30.7168464661
10808  -50.527  -38.667  11.755 31.3527221680
10809  -49.208  -38.563  11.271 30.4413185120
12742  -58.531  -41.372  14.767 27.5390930176
12743  -59.993  -41.087  14.361 29.4540996552
12744  -59.094  -40.532  14.299 28.7611198425
12745  -60.710  -34.921  10.132 33.8340072632
12746  -61.728  -35.342  10.536 32.9290542603
12747  -62.238  -34.500  10.046 31.8430709839
12748  -63.596  -34.321  9.853 29.5733718872
12749  -62.740  -33.688  9.616 30.8418407440
15128  -41.266  -40.050  17.451 29.8478221893
15129  -41.407  -39.840  18.999 29.3990898132
15130  -42.211  -40.421  17.605 30.0233211517
15131  -45.321  -41.079  16.882 28.2694683075
15132  -44.241  -40.962  18.049 28.0984249115
15138  -50.980  -40.063  14.437 27.6278285980
15144  -54.329  -39.023  13.253 27.4445438385
15145  -53.842  -37.411  10.891 31.2196712494
15146  -55.169  -37.632  11.337 30.9280300140
15147  -55.581  -36.749  10.523 31.1312370300
15148  -57.423  -36.048  10.278 32.1989631653
15149  -55.943  -35.861  9.755 30.6509685516
16936  -39.665  -39.102  17.112 27.0350437164
16938  -41.345  -39.017  11.743 27.3013401031
16939  -41.242  -39.586  13.079 28.7660808563
16940  -42.455  -39.317  11.842 29.0072460175
16941  -43.623  -39.505  11.983 30.4930515289
16942  -43.822  -38.789  10.790 28.5472812653
16943  -45.193  -38.175  10.098 27.1003360748
20911  -42.100  -38.998  21.690 28.3624534607
20912  -42.053  -37.725  22.536 27.8035068512
20913  -42.604  -38.547  22.855 27.7932186127
20950  -62.400  -40.988  13.829 30.0397872925
20951  -62.832  -41.970  13.886 28.3669872284
20952  -63.212  -41.161  13.258 29.1833438873
20953  -63.659  -41.510  12.479 27.3506774902
20954  -63.474  -40.368  12.725 29.3612670898
20955  -58.886  -38.394  12.958 31.1002864838
20956  -59.913  -38.863  13.356 31.6119251251
20957  -60.348  -37.969  12.673 32.8192138672
20958  -63.251  -36.768  11.152 31.3374061584
20959  -62.886  -37.621  11.805 32.6292800903
20960  -63.647  -37.740  11.221 30.8335456848
20961  -63.978  -38.800  11.187 29.0255737305
20962  -64.269  -38.047  10.353 28.0354652405
20964  -64.583  -37.345  9.706 26.8991069794
20976  -56.586  -34.165  8.532 28.0605735779
20977  -56.900  -33.331  7.997 26.9517345428
20984  -60.677  -32.105  8.049 27.3600482941
20985  -62.419  -31.529  8.140 27.3730354309
20986  -63.541  -31.986  8.663 28.7202186584
24053  -43.286  -40.464  14.713 31.3015060425
24054  -43.232  -40.671  16.243 30.4885883331
24055  -44.429  -40.661  14.972 30.8059520721
24056  -45.550  -40.770  15.316 29.7016124725
24057  -46.773  -40.867  15.707 28.4072113037
24058  -47.866  -41.022  16.102 27.1209907532
24059  -48.155  -40.532  14.711 28.7998580933
24060  -49.790  -40.016  13.896 29.2890701294
24061  -51.465  -39.387  13.198 29.0730209351
24062  -53.145  -38.829  12.736 29.0617313385
24063  -51.817  -38.762  12.227 30.5361022949
24064  -52.149  -38.048  11.370 31.0235118866
24065  -52.453  -37.229  10.519 30.6235809326
27524  -43.279  -39.414  23.057 26.9418392181
27544  -60.176  -42.780  15.179 26.9859333038
27545  -61.491  -42.742  14.985 27.3227500916
27546  -60.783  -41.911  14.671 28.9173183441
27547  -61.279  -40.982  14.159 30.5890541077
27548  -61.716  -40.103  13.708 31.9281406403
27549  -59.841  -36.714  11.362 33.5630493164
27550  -60.840  -37.132  11.927 33.6282463074
27551  -61.245  -36.266  11.197 33.4121589661
27552  -62.609  -35.966  10.970 32.2649307251
27553  -63.690  -35.944  10.542 30.0832309723
27554  -64.446  -36.188  9.926 27.6819915771
27555  -64.164  -35.185  9.965 28.5681228638
27556  -64.544  -34.396  9.445 27.4429969788
31163  -40.342  -38.235  19.767 28.4268760681
31164  -40.901  -37.641  20.902 28.4769344330
31165  -40.941  -38.887  20.151 29.2018318176
31166  -41.698  -39.481  20.370 28.8651504517
31167  -42.518  -39.988  20.570 28.1729583740
31168  -43.224  -40.705  17.802 29.1310234070
31169  -43.244  -40.652  19.337 28.0541248322
31170  -43.400  -40.597  20.679 27.2584743500
31184  -58.131  -40.014  14.332 27.7202472687
31186  -57.259  -38.837  13.267 28.2948341370
31187  -57.723  -38.104  12.386 30.7200031281
31188  -54.779  -38.406  12.243 29.2600135803
31189  -56.532  -37.821  11.814 30.6546783447
31190  -58.262  -37.228  11.527 32.1700515747
31191  -58.674  -36.331  10.788 33.1029586792
31192  -59.095  -35.402  10.173 32.9695358276
31193  -59.468  -34.585  9.596 32.6501274109
33547  -39.860  -37.633  19.270 27.0001201630
33548  -39.945  -38.763  18.477 28.0852394104
33549  -40.440  -39.584  17.282 29.1602783203
33550  -41.240  -40.080  15.943 30.0448284149
33551  -40.218  -39.526  14.427 27.2882003784
33552  -41.223  -39.928  14.504 29.5959587097
33553  -42.225  -40.239  14.603 30.8090648651
33554  -43.470  -40.084  13.292 31.6159362793
33555  -44.842  -39.626  12.245 30.9694976807
33556  -46.319  -39.081  11.423 30.2318096161
33557  -47.794  -38.417  10.819 29.2383232117
33558  -46.457  -38.302  10.434 28.0695037842
38404  -41.589  -36.982  21.970 27.5183849335
38458  -59.505  -39.665  13.877 30.0223979950
38459  -60.896  -39.387  13.500 31.8731040955
38460  -62.110  -39.269  13.155 32.7582359314
38461  -61.716  -37.728  12.294 33.2655754089
38462  -62.455  -38.472  12.498 32.7884407043
38463  -63.040  -39.371  12.680 31.4362239838
38464  -63.766  -39.581  12.015 29.3765373230
38476  -49.390  -37.786  10.367 28.9740066528
38477  -51.037  -37.080  10.045 28.9123725891
38478  -52.694  -36.370  9.745 29.0876064301
38480  -52.952  -35.402  9.021 27.1416397095
38481  -54.476  -35.676  9.325 28.9415378571
38482  -56.254  -34.990  9.085 29.4405841827
38483  -58.015  -34.342  9.032 30.7727203369
38484  -59.872  -33.749  9.060 31.1987686157
38491  -58.742  -32.735  7.954 27.5902118683
38492  -60.258  -32.887  8.528 29.5913505554
38493  -61.631  -33.218  9.135 31.5962295532
38494  -63.255  -32.831  9.172 29.7251415253
38495  -64.346  -32.685  8.954 27.4312648773
41523  -46.855  -39.469  12.169 31.0102233887
41524  -46.743  -39.809  12.797 30.8989124298
41525  -47.575  -39.519  12.371 30.9451274872
41526  -48.225  -39.570  12.575 30.8507347107
41527  -48.392  -39.183  11.957 30.7086048126
41528  -49.127  -38.913  11.730 30.6315498352
41529  -48.459  -38.846  11.506 30.3501319885
43450  -40.945  -36.682  20.673 26.9755840302
43462  -58.071  -41.133  14.790 27.3047103882
43463  -58.839  -40.957  14.519 28.1853275299
43464  -58.366  -40.708  14.555 27.8437347412
43465  -60.985  -34.475  9.873 33.4379844666
43466  -61.497  -34.678  10.102 32.9124984741
43467  -61.738  -34.265  9.851 32.4553222656
43468  -62.476  -34.079  9.834 31.3067779541
43469  -61.988  -33.854  9.613 32.0599288940
45848  -41.712  -40.271  16.762 30.2237052917
45849  -41.723  -40.249  17.518 29.9437465668
45850  -42.193  -40.423  16.821 30.4553604126
45851  -45.884  -41.165  17.030 27.5989360809
45852  -45.231  -41.190  17.618 27.5497570038
45853  -45.800  -41.306  17.716 26.9063949585
45858  -51.828  -39.750  14.080 27.4201831818
45864  -53.508  -39.220  13.513 27.3680782318
45865  -54.016  -37.010  10.490 30.9913005829
45866  -54.717  -37.095  10.685 31.2259006500
45867  -54.899  -36.684  10.295 30.8799266815
45868  -55.770  -36.326  10.146 30.9434890747
45869  -55.066  -36.223  9.909 30.4330177307
47658  -41.980  -38.834  11.136 27.6783561707
47659  -41.899  -39.183  11.799 28.2900524139
47660  -42.553  -38.992  11.237 28.3746013641
47661  -43.120  -39.070  11.278 29.0848503113
47662  -43.207  -38.717  10.717 27.9087924957
47663  -43.828  -38.447  10.339 27.3190078735
51631  -42.476  -39.349  21.806 27.9471721649
51632  -42.319  -38.767  22.312 28.0875396729
51633  -42.691  -39.137  22.413 27.6558609009
51670  -62.579  -40.576  13.546 30.6019535065
51671  -62.831  -41.047  13.588 29.6456413269
51672  -63.007  -40.659  13.256 30.1745491028
51673  -63.343  -40.777  12.958 29.4788684845
51674  -63.129  -40.259  12.992 30.3400096893
51675  -59.123  -37.970  12.566 32.0236854553
51676  -59.640  -38.187  12.832 32.2360496521
51677  -59.863  -37.745  12.457 32.6671714783
51678  -63.669  -36.817  10.896 30.3740463257
51679  -63.443  -37.246  11.196 31.0362510681
51680  -63.846  -37.353  10.845 30.0591888428
51681  -64.000  -37.874  10.792 29.5019149780
51682  -64.192  -37.534  10.396 28.9325714111
51683  -64.432  -37.712  9.975 27.5397510529
51684  -64.362  -37.129  10.105 28.2030925751
55448  -43.913  -40.372  14.152 31.4450225830
55449  -43.838  -40.554  14.870 31.0620536804
55450  -44.510  -40.462  14.275 31.2895526886
55451  -46.432  -40.378  14.070 30.4485168457
55452  -45.708  -40.564  14.573 30.3966121674
55453  -46.269  -40.618  14.783 29.7867851257
55454  -46.145  -40.817  15.535 29.0552406311
55455  -46.890  -40.665  14.981 29.1710109711
55456  -47.486  -40.703  15.159 28.5682811737
55457  -47.595  -40.491  14.472 29.3489208221
55458  -49.388  -39.684  13.043 30.3932590485
55459  -49.186  -40.001  13.660 29.7307376862
55460  -50.019  -39.699  13.282 30.1387310028
55461  -50.645  -39.711  13.535 29.2232952118
55462  -50.905  -39.363  12.924 29.9439773560
55463  -51.670  -39.070  12.725 29.8217678070
55464  -51.031  -39.048  12.454 30.6148929596
55465  -50.673  -38.300  11.305 31.3194751740
55466  -51.311  -38.373  11.586 31.6371974945
55467  -51.483  -37.976  11.136 31.3302116394
55468  -52.316  -37.654  10.941 30.8866920471
55469  -51.639  -37.556  10.714 30.7434558868
61263  -58.542  -42.191  15.121 26.9812278748
61265  -58.956  -42.502  15.196 27.0190124512
61267  -59.778  -42.375  14.996 27.6949558258
61268  -60.495  -42.348  14.925 27.9619235992
61269  -60.096  -41.931  14.752 28.7053108215
61270  -60.250  -40.668  14.157 30.1284446716
61271  -60.673  -41.020  14.261 30.4640674591
61272  -60.898  -40.597  14.068 30.9756298065
61273  -61.485  -40.551  13.963 31.2344036102
61274  -61.139  -40.164  13.902 31.4621791840
61275  -60.029  -36.282  11.028 33.6934394836
61276  -60.539  -36.506  11.306 33.6950454712
61277  -60.746  -36.075  10.978 33.5160255432
61278  -62.448  -35.192  10.464 32.0769462585
61279  -62.177  -35.612  10.760 32.6029205322
61280  -62.826  -35.507  10.641 31.8312778473
61281  -63.198  -35.898  10.826 31.3088417053
61282  -63.416  -35.511  10.483 30.5281944275
61283  -63.922  -35.545  10.247 29.2916698456
61284  -63.663  -35.142  10.181 29.7809143066
61285  -63.819  -33.918  9.644 28.9831714630
61286  -64.115  -34.332  9.672 28.4929180145
61287  -64.341  -33.916  9.461 27.9473953247
61288  -64.694  -33.987  9.239 27.0342330933
61289  -64.491  -33.519  9.241 27.4468078613
68423  -40.449  -38.788  19.319 29.0026607513
68424  -40.654  -38.580  19.969 29.1307659149
68425  -40.773  -39.105  19.469 29.4160785675
68426  -41.857  -40.070  19.075 29.2887783051
68427  -41.531  -39.668  19.739 29.1419277191
68428  -41.982  -39.925  19.759 28.9983005524
68429  -42.113  -39.748  20.449 28.6342830658
68430  -42.433  -40.146  19.863 28.5805454254
68431  -43.766  -40.796  16.327 30.0610141754
68432  -43.230  -40.708  16.999 29.8155879974
68433  -43.724  -40.831  17.164 29.3615474701
68434  -44.178  -40.999  18.842 27.4187107086
68435  -43.694  -40.842  18.738 27.9864826202
68436  -43.732  -40.839  19.439 27.5827598572
68437  -43.330  -40.616  20.028 27.6585483551
68438  -43.791  -40.848  20.105 27.1277675629
68453  -48.566  -40.861  15.666 27.3654346466
68470  -55.789  -38.905  13.189 27.4640617371
68471  -56.429  -39.026  13.444 27.2689495087
68472  -56.644  -38.694  13.004 28.4173870087
68473  -57.451  -38.495  12.831 29.5067729950
68474  -56.875  -38.362  12.537 29.5594596863
68475  -53.310  -38.513  12.236 29.8469238281
68476  -53.941  -38.647  12.446 29.1021690369
68477  -54.130  -38.291  11.991 29.8467521667
68478  -56.023  -37.338  11.152 31.2181129456
68479  -55.842  -37.733  11.577 30.6851367950
68480  -56.746  -37.407  11.389 31.3177490234
68481  -57.403  -37.535  11.659 31.4955501556
68482  -57.593  -37.096  11.250 31.9289703369
68483  -58.477  -36.786  11.142 32.6576499939
68484  -57.781  -36.652  10.884 32.3223342896
68485  -57.555  -35.613  9.937 31.9375705719
68486  -58.240  -35.710  10.214 32.5509071350
68487  -58.404  -35.279  9.890 32.3921203613
68488  -59.275  -34.989  9.868 32.8514747620
68489  -58.584  -34.885  9.574 32.2198219299
73846  -39.844  -38.232  18.931 27.5107612610
73847  -39.625  -38.462  18.321 27.3116340637
73848  -39.995  -39.428  16.478 27.5810413361
73849  -40.045  -39.354  17.201 28.0992660522
73850  -40.400  -39.652  16.566 28.7799453735
73851  -40.809  -39.872  16.637 29.7260837555
73852  -40.785  -39.888  15.915 29.6496334076
73856  -41.775  -39.749  13.104 29.5463352203
73857  -41.234  -39.782  13.796 29.2669048309
73858  -41.745  -39.939  13.802 29.9683113098
73859  -41.723  -40.086  14.501 30.1991405487
73860  -42.271  -40.081  13.855 30.6769924164
73861  -42.818  -40.205  13.923 31.3982906342
73862  -42.865  -40.008  13.217 31.1052894592
73863  -44.343  -39.235  11.493 30.3087501526
73864  -44.251  -39.567  12.096 30.7858867645
73865  -44.957  -39.288  11.637 30.5938243866
73866  -45.559  -39.346  11.802 30.8833675385
73867  -45.666  -39.004  11.229 29.8616886139
73868  -46.372  -38.697  10.919 29.1574573517
73869  -45.763  -38.614  10.725 28.7317161560
85771  -41.116  -37.982  21.150 28.6470661163
85772  -41.234  -37.322  21.452 28.0665111542
85773  -41.421  -37.680  21.715 28.0776844025
85774  -42.440  -37.428  23.042 27.6012325287
85775  -42.231  -36.984  22.798 27.2889060974
85780  -43.251  -38.705  23.549 26.9828796387
85890  -61.720  -42.294  14.608 28.2138805389
85891  -62.022  -42.825  14.786 27.3903770447
85892  -62.217  -42.367  14.440 28.2488536835
85893  -63.171  -42.094  13.517 27.3826160431
85900  -63.776  -41.064  12.154 27.2564125061
85905  -58.245  -39.630  14.064 28.2215690613
85906  -58.817  -39.842  14.100 28.7877883911
85907  -59.007  -39.456  13.884 29.6016311646
85908  -60.598  -38.709  13.141 32.5123252869
85909  -60.389  -39.135  13.441 31.7483520508
85910  -61.079  -38.998  13.243 32.5269203186
85911  -61.548  -39.290  13.340 32.5379524231
85912  -61.768  -38.906  13.058 32.7420997620
85913  -61.534  -36.950  11.792 33.8617172241
85914  -61.295  -37.401  12.141 33.5784301758
85915  -61.905  -37.286  11.960 33.6054649353
85916  -63.116  -38.050  11.964 32.5552864075
85917  -62.668  -38.046  12.175 32.8961868286
85918  -62.936  -38.483  12.290 32.6352310181
85919  -62.754  -38.911  12.597 32.6036071777
85920  -63.204  -38.975  12.345 31.6611976624
85921  -63.443  -39.444  12.402 30.4512844086
85922  -63.580  -39.052  12.031 30.6336631775
85923  -64.197  -39.001  10.712 27.5088024139
85924  -64.078  -39.378  11.119 27.9246311188
85935  -64.602  -35.810  9.622 26.9265365601
85950  -47.904  -38.005  10.350 28.3487434387
85951  -48.608  -38.088  10.568 29.1919307709
85952  -48.676  -37.664  10.124 28.0728912354
85954  -50.297  -36.997  9.802 27.8052330017
85955  -51.132  -36.616  9.647 27.9773273468
85956  -51.852  -36.715  9.890 29.1152019501
85957  -51.982  -36.255  9.500 28.1325893402
85963  -53.904  -35.102  8.851 27.3035144806
85964  -53.730  -35.551  9.150 28.0155239105
85965  -54.638  -35.247  8.987 28.2411441803
85966  -55.347  -35.339  9.177 29.1543903351
85967  -55.517  -34.912  8.865 28.4679374695
85968  -57.517  -33.846  8.475 28.6705646515
85969  -57.312  -34.251  8.780 29.4245853424
85970  -58.209  -33.962  8.756 29.9329433441
85971  -58.931  -34.062  9.036 31.1492691040
85972  -59.132  -33.653  8.771 30.3000812531
85991  -61.456  -32.193  8.329 28.4524612427
85992  -60.483  -32.474  8.272 28.4858188629
85993  -61.209  -32.615  8.580 29.5354900360
85994  -60.997  -33.048  8.816 30.6031532288
85995  -61.860  -32.799  8.877 30.5701065063
85996  -62.453  -33.015  9.155 31.1740550995
85997  -62.705  -32.596  8.901 30.5714225769
85998  -64.073  -31.889  8.549 27.3192806244
85999  -63.989  -32.309  8.850 28.0057983398
86000  -64.458  -32.278  8.671 27.0039215088
93173  -45.334  -39.999  13.028 31.3684864044
93174  -45.237  -40.283  13.713 31.5194282532
93175  -45.973  -40.052  13.222 31.0915775299
93176  -46.606  -40.102  13.416 30.7108078003
93177  -47.219  -40.152  13.604 30.3239784241
93178  -47.776  -40.225  13.833 29.9020042419
93179  -47.998  -39.921  13.210 30.4051876068
93180  -48.795  -39.655  12.846 30.6245708466
93181  -49.630  -39.313  12.469 30.7091140747
93182  -50.386  -39.008  12.217 31.0775508881
93183  -49.771  -38.969  11.981 30.8579730988
93184  -49.877  -38.619  11.508 30.8998641968
93185  -49.984  -38.227  11.039 30.6592617035
96663  -58.147  -41.910  15.090 26.8867893219
96664  -58.931  -41.672  14.776 27.7286243439
96665  -59.687  -41.542  14.611 28.6955642700
96666  -59.261  -41.211  14.523 28.4733371735
96667  -59.546  -40.800  14.302 29.1357402802
96668  -59.772  -40.371  14.096 29.7313823700
96669  -60.468  -35.360  10.393 33.7307662964
96670  -60.971  -35.568  10.614 33.4014015198
96671  -61.237  -35.126  10.345 33.3437271118
96672  -62.020  -34.922  10.292 32.4378128052
96673  -62.737  -34.781  10.188 31.3524837494
96674  -63.355  -34.738  10.070 30.2434043884
96675  -62.968  -34.365  9.951 30.7035369873
96676  -63.214  -33.952  9.769 30.1261291504
96677  -63.467  -33.550  9.567 29.5745849609
100958  -40.908  -39.725  18.140 29.6782073975
100959  -41.001  -39.593  18.862 29.5053329468
100960  -41.339  -39.979  18.244 29.6446056366
100961  -41.753  -40.190  18.336 29.5910911560
100962  -42.259  -40.401  18.374 29.4254665375
100963  -44.813  -40.979  16.668 28.9451999664
100964  -44.244  -40.942  17.311 28.8567771912
100965  -44.762  -41.054  17.430 28.1973495483
100966  -44.705  -41.127  18.182 27.4698905945
100976  -50.113  -40.357  14.832 27.6882266998
100977  -49.889  -40.662  15.445 26.9338207245
100978  -50.727  -40.385  15.061 26.9551029205
100988  -55.180  -38.820  12.957 27.6679611206
100989  -53.675  -37.788  11.293 30.8854942322
100990  -54.344  -37.898  11.513 30.5302524567
100991  -54.559  -37.480  11.071 31.1554527283
100992  -55.393  -37.196  10.904 31.2211627960
100993  -56.250  -36.883  10.767 31.3869762421
100994  -57.164  -36.531  10.645 31.9481105804
100995  -56.470  -36.424  10.395 31.4601287842
100996  -56.669  -35.990  10.010 31.4293670654
100997  -56.863  -35.510  9.672 31.0077648163
104215  -39.906  -39.433  15.781 26.9944286346
104217  -40.727  -39.399  13.051 27.4513912201
104218  -41.253  -39.322  12.425 28.0104370117
104219  -41.807  -39.502  12.459 28.9127902985
104220  -42.361  -39.623  12.461 29.6540508270
104221  -42.930  -39.727  12.521 30.4157619476
104222  -43.016  -39.410  11.875 29.7391948700
104223  -43.724  -39.160  11.369 29.8095226288
104224  -44.424  -38.888  10.871 29.1363010406
104225  -45.137  -38.559  10.560 28.3069534302
104226  -44.484  -38.507  10.437 27.8725986481
111367  -41.735  -38.666  21.550 28.4062690735
111368  -41.688  -38.036  21.978 28.0898704529
111369  -41.992  -38.393  22.153 28.1591110229
111370  -42.312  -38.158  22.720 28.0318317413
111371  -42.661  -37.848  23.227 27.8580818176
111438  -62.185  -41.420  14.089 29.5289459229
111439  -62.441  -41.914  14.140 28.7533817291
111440  -62.623  -41.458  13.881 29.1724300385
111441  -63.012  -41.536  13.602 28.7465534210
111442  -63.309  -41.708  13.192 28.0289306641
111443  -63.501  -41.895  12.776 27.0786380768
111444  -63.479  -41.320  12.893 28.6509094238
111445  -63.626  -40.925  12.626 28.4543781281
111446  -63.744  -40.533  12.291 28.2873973846
111447  -58.679  -38.800  13.356 30.0893363953
111448  -59.219  -39.038  13.554 30.4502391815
111449  -59.424  -38.615  13.188 31.3567161560
111450  -60.125  -38.429  13.013 32.4492034912
111451  -60.855  -38.235  12.819 32.8176536560
111452  -62.754  -36.776  11.407 32.2457504272
111453  -62.503  -37.212  11.735 32.8078689575
111454  -63.022  -37.208  11.466 31.9530143738
111455  -63.255  -37.654  11.561 31.7643508911
111456  -63.481  -38.118  11.653 31.6164131165
111457  -63.711  -38.630  11.670 30.5720329285
111458  -63.832  -38.231  11.256 30.0619945526
111459  -64.112  -38.386  10.787 28.5408725739
111460  -64.308  -38.623  10.270 27.0617446899
111475  -48.681  -37.251  9.689 26.9176578522
111483  -54.987  -34.363  8.392 26.9481391907
111484  -55.681  -34.500  8.574 27.8125820160
111485  -55.836  -34.061  8.310 27.1753253937
111486  -56.708  -33.751  8.260 27.4341812134
111487  -57.630  -33.453  8.237 27.9469947815
111500  -61.590  -31.788  8.089 27.3533210754
111501  -62.286  -31.951  8.384 28.4569644928
111502  -62.890  -32.161  8.664 29.5353221893
111503  -63.069  -31.740  8.394 28.4709892273
111504  -63.648  -31.580  8.363 27.7297096252
117563  -42.698  -40.485  15.351 31.2888259888
117564  -42.703  -40.536  16.148 30.8985996246
117565  -43.225  -40.590  15.490 30.9685020447
117566  -43.789  -40.709  15.573 30.6305522919
117567  -44.358  -40.816  15.712 30.2710266113
117568  -45.125  -40.517  14.399 31.0067234039
117569  -45.039  -40.720  15.125 30.3449401855
117570  -44.910  -40.889  15.891 29.6725997925
117571  -45.443  -40.944  16.091 28.9956092834
117572  -45.998  -41.019  16.308 28.3178329468
117573  -46.589  -41.069  16.404 27.6375293732
117574  -47.099  -41.159  16.579 26.9561729431
117575  -47.346  -40.931  15.876 27.7636146545
117576  -48.041  -40.780  15.408 27.9659156799
117577  -48.715  -40.596  14.973 28.2396011353
117578  -48.390  -40.262  14.073 29.4592037201
117579  -48.966  -40.292  14.292 29.0100173950
117580  -49.529  -40.325  14.556 28.4428939819
117581  -50.394  -40.036  14.169 28.4505252838
117582  -51.248  -39.728  13.798 28.3174266815
117583  -52.095  -39.397  13.472 28.2019443512
117584  -52.962  -39.124  13.216 28.2079982758
117585  -52.309  -39.085  13.003 29.0292949677
117586  -52.490  -38.767  12.531 29.8205471039
117587  -52.666  -38.448  12.006 30.4685916901
117588  -51.165  -38.714  12.002 31.2477798462
117589  -51.996  -38.413  11.789 31.0477008820
117590  -52.840  -38.090  11.545 30.7285614014
117591  -52.983  -37.719  11.124 30.8796768188
117592  -53.154  -37.321  10.711 30.9155273438
117593  -53.313  -36.894  10.302 30.4944915771
125659  -43.245  -40.077  21.912 27.0673198700
125660  -43.073  -39.551  22.472 27.2222404480
125712  -60.891  -42.747  15.108 27.1975708008
125713  -61.167  -42.314  14.824 28.1222324371
125714  -61.402  -41.873  14.526 29.0408439636
125715  -60.413  -41.450  14.486 29.6891021729
125716  -61.054  -41.436  14.399 29.8583450317
125717  -61.646  -41.422  14.278 29.8068256378
125718  -61.851  -40.963  14.029 30.3613567352
125719  -62.058  -40.540  13.765 30.9614315033
125720  -62.259  -40.103  13.501 31.6133785248
125721  -59.596  -37.144  11.784 33.0304260254
125722  -60.119  -37.333  12.066 33.1205635071
125723  -60.349  -36.917  11.658 33.5929565430
125724  -61.046  -36.704  11.549 33.7502822876
125725  -61.733  -36.525  11.425 33.3760414124
125726  -61.459  -35.797  10.851 33.1403045654
125727  -61.955  -36.065  11.087 32.9576148987
125728  -62.410  -36.405  11.289 32.6517257690
125729  -62.978  -36.347  11.090 31.7445564270
125730  -63.489  -36.323  10.845 30.7904129028
125731  -63.898  -36.414  10.551 29.7232151031
125732  -64.248  -36.538  10.227 28.5134639740
125733  -64.122  -36.034  10.251 28.8707084656
125734  -64.328  -35.666  9.961 28.1040878296
125735  -64.526  -35.303  9.671 27.3988609314
125736  -63.920  -34.725  9.908 29.1159954071
125737  -64.353  -34.799  9.680 27.9279384613
135053  -40.393  -37.644  20.060 27.9157848358
135054  -40.707  -37.354  20.576 27.9502582550
135055  -40.614  -37.967  20.325 28.5851116180
135056  -40.858  -38.267  20.564 29.1531696320
135057  -41.136  -38.601  20.774 28.9651622772
135058  -41.119  -39.417  19.577 29.2807960510
135059  -41.292  -39.190  20.284 29.0360031128
135060  -41.489  -38.935  20.929 28.7685050964
135061  -41.894  -39.241  21.040 28.5701541901
135062  -42.297  -39.541  21.155 28.2429370880
135063  -42.682  -39.850  21.243 27.7932281494
135064  -42.714  -40.573  16.928 30.2569789886
135065  -42.721  -40.570  17.694 29.6018791199
135066  -42.738  -40.530  18.453 28.9364509583
135067  -43.708  -40.870  17.998 28.6547241211
135068  -43.214  -40.683  18.594 28.4532642365
135069  -42.811  -40.462  19.222 28.5199642181
135070  -42.875  -40.376  19.952 28.1181030273
135071  -43.008  -40.289  20.641 27.7141799927
135072  -43.079  -40.174  21.302 27.3474941254
135110  -57.847  -40.452  14.554 27.2246952057
135112  -57.427  -39.793  14.187 27.1021137238
135113  -57.616  -39.406  13.908 27.6503963470
135115  -57.044  -39.200  13.678 27.0791072845
135116  -57.852  -39.010  13.519 28.6681480408
135117  -58.063  -38.619  13.103 29.7345085144
135118  -58.308  -38.222  12.683 30.8547000885
135119  -58.557  -37.831  12.265 31.8112983704
135120  -53.755  -38.925  12.985 28.2516212463
135121  -54.592  -38.745  12.744 28.3489780426
135122  -55.431  -38.489  12.482 28.6626853943
135123  -54.948  -38.060  11.822 30.1203308105
135124  -55.630  -38.121  12.004 29.6966896057
135125  -56.286  -38.231  12.251 29.6041202545
135126  -57.162  -37.953  12.087 30.6982231140
135127  -57.995  -37.686  11.958 31.6490879059
135128  -58.803  -37.398  11.890 32.3691902161
135129  -59.060  -36.958  11.463 32.9420509338
135130  -59.327  -36.499  11.060 33.4858131409
135131  -59.489  -36.039  10.732 33.5637207031
135132  -58.047  -36.175  10.532 32.6718978882
135133  -58.899  -35.845  10.478 33.0721359253
135134  -59.707  -35.577  10.434 33.5140762329
135135  -59.918  -35.150  10.165 33.4498443604
135136  -60.125  -34.734  9.882 33.3405456543
135137  -60.318  -34.319  9.627 32.7082290649
141775  -40.210  -37.298  19.767 27.2285861969
141776  -40.084  -37.930  19.515 27.7181949615
141777  -40.143  -38.503  19.136 28.2540817261
141778  -40.293  -39.015  18.632 28.8705177307
141779  -39.762  -38.974  17.797 27.6176185608
141780  -40.145  -39.228  17.906 28.5536994934
141781  -40.517  -39.473  18.027 29.4807395935
141782  -40.836  -39.830  17.384 29.7366485596
141783  -41.246  -40.083  16.697 29.9802436829
141784  -41.707  -40.261  16.021 30.4330406189
141787  -40.255  -39.635  15.126 27.8168697357
141788  -40.704  -39.596  13.756 28.0769882202
141789  -40.712  -39.739  14.471 28.6345195770
141790  -40.713  -39.849  15.199 29.1722373962
141791  -41.251  -40.039  15.210 29.8676776886
141792  -41.726  -40.204  15.250 30.3732795715
141793  -42.169  -40.349  15.311 30.8845767975
141794  -42.763  -40.369  14.606 31.4283351898
141795  -43.394  -40.303  13.954 31.5890617371
141796  -44.031  -40.160  13.428 31.5963478088
141797  -43.533  -39.810  12.612 31.1326541901
141798  -44.164  -39.876  12.721 31.2142620087
141799  -44.702  -39.960  12.898 31.2944374084
141800  -45.439  -39.683  12.402 31.1534309387
141801  -46.192  -39.411  11.974 31.0770702362
141802  -47.018  -39.126  11.618 30.3876190186
141803  -47.745  -38.791  11.300 29.9466896057
141804  -47.053  -38.751  11.115 29.5540885925
141805  -47.114  -38.364  10.627 28.6073150635
141806  -47.195  -37.962  10.156 27.5282363892
141807  -45.821  -38.234  10.250 27.5851097107
141808  -46.477  -37.888  9.976 26.9318485260
156172  -41.072  -37.002  21.098 27.5138778687
156173  -41.482  -36.639  21.577 27.0805759430
156175  -41.801  -37.327  22.287 27.6255149841
156176  -42.024  -36.622  22.425 27.0057907104
156181  -42.938  -38.914  22.965 27.3682689667
156182  -42.941  -38.249  23.405 27.4155979156
156183  -43.057  -37.553  23.744 27.2812213898
156186  -43.299  -36.821  23.987 26.9823207855
156319  -62.655  -42.406  14.241 27.7861957550
156334  -58.638  -40.253  14.324 28.3160476685
156335  -59.313  -40.074  14.077 29.2888889313
156336  -59.990  -39.932  13.891 30.3719806671
156337  -59.709  -39.283  13.663 30.7893943787
156338  -60.198  -39.527  13.702 31.0388393402
156339  -60.701  -39.787  13.729 31.2621726990
156340  -61.337  -39.706  13.607 31.9807205200
156341  -61.920  -39.637  13.442 32.5445480347
156342  -62.413  -39.691  13.232 32.1649627686
156343  -60.578  -37.534  12.328 33.2127456665
156344  -61.070  -37.813  12.484 33.1677703857
156345  -61.509  -38.131  12.618 32.9852180481
156346  -62.329  -37.654  12.061 33.2215538025
156347  -62.138  -38.078  12.401 33.0001564026
156348  -61.926  -38.491  12.733 32.8412666321
156349  -62.302  -38.880  12.834 32.7438240051
156350  -62.580  -39.294  12.933 32.3454895020
156351  -62.869  -39.762  12.997 31.2973957062
156352  -63.290  -39.852  12.728 30.3531036377
156353  -63.629  -39.996  12.373 29.3303318024
156354  -63.900  -40.162  11.959 28.1999797821
156355  -63.867  -39.195  11.568 29.4579982758
156356  -63.997  -39.744  11.578 28.1633529663
156357  -64.011  -40.289  11.484 26.9297847748
156370  -64.536  -36.756  9.858 27.2982463837
156388  -48.517  -38.474  11.021 29.8812408447
156389  -49.293  -38.165  10.795 29.9974040985
156390  -50.100  -37.840  10.605 29.7852058411
156391  -49.439  -37.365  9.942 27.8787288666
156392  -50.202  -37.466  10.202 28.8377895355
156393  -50.944  -37.522  10.461 29.7894973755
156394  -51.733  -37.148  10.293 30.0168609619
156395  -52.545  -36.810  10.129 29.9964599609
156396  -53.444  -36.458  9.920 29.7241764069
156402  -52.075  -35.782  9.134 27.2097339630
156403  -52.845  -35.893  9.360 28.1146144867
156404  -53.582  -36.029  9.544 28.9010486603
156405  -54.344  -36.099  9.698 29.6799297333
156406  -55.210  -35.763  9.539 29.8682003021
156407  -56.119  -35.408  9.416 30.0721054077
156408  -57.032  -35.052  9.343 30.5284595490
156409  -56.414  -34.578  8.823 28.7727413177
156410  -57.134  -34.633  9.057 30.0075988770
156411  -57.861  -34.761  9.300 31.2464447021
156412  -58.753  -34.479  9.288 31.9440002441
156413  -59.645  -34.175  9.332 31.9381122589
156414  -60.547  -33.916  9.360 32.0520133972
156434  -57.819  -33.042  7.967 27.2474098206
156435  -58.507  -33.156  8.231 28.3585243225
156436  -59.705  -32.409  7.980 27.5351524353
156437  -59.504  -32.794  8.218 28.5896663666
156438  -59.313  -33.235  8.508 29.4447708130
156439  -60.072  -33.334  8.793 30.4263114929
156440  -60.776  -33.485  9.091 31.3600215912
156441  -61.419  -33.667  9.373 32.2534294128
156442  -62.201  -33.453  9.393 31.7369384766
156443  -62.996  -33.274  9.404 30.2956981659
156444  -63.702  -33.147  9.347 29.0108928680
156445  -63.402  -32.418  8.918 29.1925373077
156446  -63.867  -32.714  9.118 28.4812583923
156447  -64.221  -33.095  9.201 27.9094333649
156448  -64.629  -33.110  8.995 26.9685611725
