#!ascii label  , from subject fsaverage vox2ras=TkReg
1320
123  -53.059  -23.932  0.468 33.6347160339
269  -41.585  -30.515  6.431 31.0076293945
270  -48.925  -22.774  6.566 60.7484626770
533  -59.412  -16.288  2.185 33.7512245178
534  -51.685  -14.526  2.526 36.0016136169
749  -36.748  -32.157  11.835 26.7257518768
750  -40.125  -28.929  10.530 31.7090682983
763  -39.088  -34.063  7.453 23.4877338409
1171  -57.104  -19.762  0.957 38.3452873230
1173  -50.737  -18.363  5.717 56.4367828369
1211  -56.171  -29.342  5.267 27.7559261322
1212  -58.439  -25.657  3.073 25.2517604828
1637  -46.085  -26.972  2.079 35.0052413940
1638  -49.922  -22.305  2.052 52.8729896545
1639  -45.488  -26.747  6.323 50.0147743225
1640  -42.373  -25.161  8.907 30.7808818817
2240  -53.497  -18.591  2.811 58.6634750366
2241  -56.187  -15.174  3.125 46.6919326782
2683  -35.587  -33.623  12.668 21.1795196533
3089  -57.097  -22.884  0.940 27.7504806519
3090  -59.075  -20.622  0.961 26.5107460022
3091  -55.415  -21.618  0.460 38.5598831177
3130  -51.785  -26.131  1.090 25.5438976288
3131  -54.356  -26.869  2.482 21.9933719635
3132  -55.882  -24.811  1.552 24.6746902466
3133  -59.907  -23.635  1.980 23.9775943756
3689  -43.683  -28.830  4.030 32.7530441284
3690  -45.770  -26.599  4.006 43.3800926208
3691  -43.663  -28.609  6.228 40.5322952271
3693  -41.389  -27.004  9.920 32.9042625427
3730  -40.026  -32.298  6.647 26.6945991516
3731  -41.423  -33.048  4.850 20.5268440247
3732  -42.406  -30.882  3.990 24.3137283325
3733  -45.007  -29.273  2.132 24.0757961273
4952  -61.077  -17.137  2.089 23.8193874359
4954  -61.694  -15.261  1.681 20.5937423706
4956  -60.407  -14.300  1.930 25.3019046783
4957  -49.634  -22.742  4.325 60.5917510986
4958  -51.779  -20.347  2.266 60.0646553040
4959  -51.367  -20.798  4.586 64.6408996582
4960  -51.146  -16.375  4.422 47.1573295593
4961  -53.573  -16.771  4.658 58.5941772461
4962  -54.107  -14.730  3.247 44.8054161072
4963  -57.186  -12.717  1.907 30.7856369019
4964  -55.030  -12.337  1.319 28.4568119049
4966  -52.700  -12.275  0.670 23.8298950195
5073  -60.006  -28.236  5.573 27.5192470551
5074  -59.532  -30.124  6.412 25.1400241852
5957  -39.216  -31.592  9.146 31.8156566620
5958  -41.277  -29.956  8.746 36.0748062134
5959  -38.629  -30.660  11.053 30.8220481873
5982  -36.803  -34.688  10.458 22.0322933197
5983  -37.768  -33.063  9.451 27.9985008240
6716  -60.276  -18.732  1.592 25.2431831360
6717  -58.327  -17.980  1.767 36.5222167969
6718  -46.553  -22.058  7.352 44.0858383179
6719  -50.123  -20.604  6.273 60.3424530029
6720  -47.210  -20.025  6.184 34.1545829773
6721  -47.865  -18.267  4.596 25.9645252228
6722  -48.672  -16.673  2.915 22.6155891418
6723  -49.706  -15.109  1.221 20.7695407867
6787  -52.386  -30.676  5.045 20.5644264221
6788  -53.205  -28.815  3.656 22.4232559204
6789  -56.987  -27.558  4.142 27.7359275818
6790  -60.904  -26.450  4.768 26.0686569214
6792  -62.218  -24.596  3.486 23.1670398712
7661  -49.239  -25.240  0.674 35.9933280945
7662  -51.255  -22.725  0.449 44.1448936462
7663  -47.936  -24.497  1.985 43.7053794861
7664  -47.657  -24.707  4.094 51.1299591064
7665  -47.337  -24.857  6.555 57.0061950684
7666  -43.038  -28.101  8.640 43.4037094116
7667  -44.547  -26.151  8.595 48.5976867676
7668  -45.710  -24.092  8.140 49.4536933899
7669  -43.173  -23.517  7.594 23.4467735291
7723  -48.187  -27.614  1.134 25.2554893494
9278  -53.335  -20.550  0.603 50.8475914001
9279  -55.048  -18.748  1.288 49.6440315247
9280  -56.435  -17.220  2.093 48.2499694824
9281  -52.700  -18.868  4.767 63.2271423340
9282  -54.967  -17.062  3.299 56.7460517883
9283  -57.792  -15.627  2.491 42.0217628479
9284  -59.023  -13.465  2.070 28.5187492371
9415  -55.745  -31.317  6.374 23.5023555756
10769  -55.117  -23.394  0.689 30.1643104553
10770  -56.281  -22.216  0.624 32.1447410583
10771  -54.288  -22.712  0.407 36.6709136963
10810  -52.343  -25.082  0.755 29.7271614075
10811  -53.806  -25.396  1.265 24.4208126068
10812  -54.517  -24.423  0.947 27.5706272125
10813  -56.555  -23.828  1.189 26.5958900452
11369  -42.618  -29.703  5.193 31.6049995422
11370  -43.661  -28.677  5.102 36.8165664673
11371  -42.637  -29.534  6.297 35.4151268005
11410  -40.782  -31.385  6.408 28.3539676666
11411  -41.222  -31.609  5.193 25.1344833374
11412  -41.885  -30.612  5.047 27.5918140411
11413  -42.983  -29.836  3.919 27.9894199371
12632  -60.259  -16.683  2.199 28.9172019958
12633  -61.452  -16.213  1.992 23.0094642639
12634  -60.660  -15.742  2.086 26.8623733521
12635  -61.117  -14.752  1.837 23.1382827759
12636  -59.898  -15.365  2.212 30.1421623230
12637  -49.524  -22.943  5.583 63.2531051636
12638  -50.573  -21.720  4.490 63.2853164673
12639  -50.320  -21.886  5.579 64.4637451172
12640  -51.302  -15.459  3.513 41.7466392517
12641  -52.634  -15.541  3.948 48.7940826416
12642  -52.851  -14.615  2.947 41.7426757812
12643  -54.479  -13.645  2.251 36.5908699036
12644  -53.316  -13.501  1.920 34.2631225586
12645  -53.811  -12.312  1.015 26.5052433014
12646  -52.212  -13.497  1.606 30.1001644135
12753  -61.926  -27.646  5.834 24.1530818939
12754  -61.571  -28.574  6.199 23.6821212769
13769  -37.971  -31.944  10.457 30.2772235870
13770  -39.004  -31.164  10.114 31.9318237305
13771  -37.648  -31.419  11.413 29.9354419708
13810  -36.069  -32.892  12.215 23.9482002258
13811  -36.609  -33.349  10.940 26.2183303833
13812  -37.228  -32.640  10.697 27.9872207642
13813  -38.483  -32.311  9.179 30.5482120514
15032  -58.124  -20.187  0.946 32.3236808777
15033  -59.690  -19.672  1.268 25.6661949158
15034  -58.734  -19.280  1.287 31.5081539154
15035  -59.317  -18.373  1.660 30.6211261749
15036  -57.703  -18.844  1.368 37.3258781433
15037  -45.289  -21.898  6.963 27.7551498413
15038  -46.943  -20.995  6.815 39.5277252197
15039  -45.619  -21.003  6.203 21.3624744415
15043  -48.291  -17.431  3.741 23.6978263855
15153  -56.392  -26.249  2.780 23.6282768250
15154  -55.636  -27.227  3.295 24.3402118683
15155  -57.713  -26.636  3.631 26.5429973602
15156  -58.959  -27.011  4.452 28.3977336884
15157  -59.698  -26.062  3.877 26.4879837036
15158  -61.567  -25.559  4.168 24.6283607483
15159  -60.412  -25.147  3.322 24.7917747498
15160  -60.478  -22.626  1.612 22.1109962463
15161  -61.705  -23.016  2.221 20.9749507904
16829  -47.545  -26.057  1.255 35.4087829590
16830  -48.482  -24.764  1.129 40.3301353455
16831  -47.028  -25.719  1.978 39.5612564087
16832  -45.624  -26.772  5.072 47.1333427429
16833  -46.688  -25.700  4.054 47.0323524475
16834  -46.586  -25.851  5.180 50.8359527588
16835  -47.569  -24.890  5.314 55.5926895142
16836  -46.411  -25.826  6.445 53.9317169189
16837  -40.824  -29.584  9.763 36.1875724792
16838  -42.217  -29.077  8.600 39.8185920715
16839  -41.567  -28.569  9.636 39.0981407166
16840  -41.915  -26.071  9.463 33.1614379883
16841  -43.031  -26.566  9.349 43.5973472595
16842  -43.562  -25.634  9.062 42.8718070984
16843  -45.142  -25.161  8.397 50.2142372131
16844  -44.021  -24.631  8.602 41.3188247681
16845  -44.491  -23.698  8.144 37.8505706787
16846  -42.748  -24.300  8.301 27.6081619263
16950  -38.749  -34.930  8.186 21.3017997742
16952  -39.873  -34.558  6.817 20.6015014648
16960  -45.517  -28.108  2.022 29.3679542542
16961  -46.566  -28.405  1.513 24.2009410858
16962  -47.030  -27.262  1.324 29.7874546051
16963  -48.630  -26.470  0.861 30.7766361237
20632  -50.402  -22.348  1.092 48.6029777527
20633  -52.309  -21.584  0.488 47.6899147034
20634  -51.438  -21.256  1.087 52.3595695496
20635  -52.677  -19.375  2.505 59.3488693237
20636  -53.322  -19.306  1.554 55.3651199341
20637  -54.129  -18.562  1.941 54.6848869324
20638  -55.736  -17.955  1.735 49.0051155090
20639  -54.911  -17.818  2.292 54.5767402649
20640  -50.511  -19.472  6.068 58.8726921082
20641  -51.571  -19.746  5.565 63.8898925781
20642  -51.948  -18.695  5.502 62.4249191284
20643  -54.835  -15.932  3.835 53.2763938904
20644  -54.389  -16.962  4.046 59.0001945496
20645  -55.630  -16.145  3.317 52.2025680542
20646  -56.359  -16.288  2.755 50.1731834412
20647  -57.079  -15.360  2.765 45.6682319641
20648  -58.467  -14.580  2.432 35.5433158875
20649  -57.645  -14.304  2.529 38.2178268433
20650  -57.692  -11.304  1.348 22.9401817322
20651  -58.695  -11.747  1.544 23.1557025909
20978  -54.186  -29.972  5.123 25.3042545319
20979  -53.923  -30.955  5.804 23.1780281067
20980  -55.902  -30.312  5.829 26.3672256470
20981  -61.199  -30.454  7.112 21.5890293121
20982  -59.398  -31.055  6.907 22.9305839539
23237  -35.522  -32.344  13.278 20.4602470398
23238  -36.314  -31.630  12.717 21.9019870758
23993  -58.991  -22.273  1.088 23.1366786957
23994  -59.968  -21.115  1.100 21.4175167084
23995  -58.236  -21.714  0.831 27.9258480072
23996  -57.344  -21.177  0.674 33.0566291809
23997  -56.357  -20.672  0.629 38.9304618835
24066  -51.208  -27.209  1.529 22.1798038483
24067  -52.447  -27.533  2.250 20.3954963684
24068  -53.092  -26.495  1.733 21.6031894684
24069  -55.022  -25.833  1.992 22.9884910583
24070  -57.233  -25.211  2.252 23.6533279419
24071  -59.253  -24.688  2.501 24.6013870239
24072  -57.953  -24.256  1.782 24.3450660706
24073  -58.534  -23.252  1.365 24.3528976440
25073  -44.882  -27.886  2.953 34.4070663452
25074  -45.839  -26.650  2.954 39.7677001953
25075  -44.748  -27.684  3.968 38.3343391418
25076  -44.711  -27.682  5.039 42.3802719116
25077  -44.620  -27.715  6.217 45.5553169250
25078  -39.199  -28.320  10.861 22.7819576263
25079  -40.793  -27.956  10.228 32.3609046936
25080  -39.782  -27.431  10.292 22.2200813293
25081  -40.290  -26.542  9.671 20.6443004608
25146  -39.444  -33.223  6.968 25.4684352875
25147  -40.206  -33.622  6.083 22.4475765228
25148  -40.665  -32.634  5.547 23.5326137543
25149  -41.880  -31.960  4.324 22.0597152710
25150  -43.200  -31.251  3.266 20.7921867371
25152  -43.651  -30.144  2.961 24.3260078430
25153  -44.196  -29.001  2.897 28.8701343536
27355  -49.686  -22.559  3.111 57.3830108643
27356  -50.842  -21.283  2.065 56.7782211304
27357  -50.599  -21.497  3.226 61.2246322632
27358  -51.512  -20.541  3.436 63.5408630371
27359  -52.344  -19.652  3.651 62.9836730957
27360  -50.924  -17.384  5.189 52.2542190552
27361  -52.291  -17.629  5.271 59.3851890564
27362  -52.499  -16.557  4.828 55.1259460449
27363  -53.822  -15.703  4.163 52.1643676758
27364  -55.260  -14.887  3.296 46.6491470337
27365  -56.720  -14.051  2.592 38.8709182739
27366  -55.655  -13.796  2.434 38.4151496887
27367  -56.142  -12.460  1.675 30.1618843079
27368  -56.659  -10.988  0.984 22.1693153381
27370  -55.551  -10.941  0.549 20.7675800323
27563  -58.128  -28.802  5.392 29.9172058105
27564  -57.874  -29.715  5.829 27.7911930084
27565  -59.692  -29.152  5.960 27.2149581909
27566  -61.399  -29.555  6.659 23.4542694092
29261  -40.441  -31.157  7.757 31.5152168274
29262  -41.538  -30.244  7.608 34.5283851624
29263  -40.290  -30.820  8.864 33.6059608459
29264  -39.990  -30.392  9.906 34.0210990906
29265  -39.400  -29.854  10.806 31.4123649597
29266  -37.149  -30.851  12.266 22.9831619263
29267  -37.938  -30.049  11.803 23.4523334503
29268  -38.625  -29.196  11.353 23.2503414154
29317  -37.629  -35.204  9.608 20.3672866821
29318  -37.901  -34.415  8.972 24.0776309967
29319  -36.109  -34.120  11.471 23.0697479248
29320  -37.187  -33.890  9.894 25.5473690033
29321  -38.317  -33.580  8.450 26.0847511292
29322  -38.936  -32.754  8.017 28.1076087952
29323  -39.633  -31.924  7.818 29.4996051788
31033  -60.719  -17.896  1.933 24.5686092377
31034  -59.796  -17.549  2.065 29.8241004944
31035  -58.882  -17.142  2.082 35.2171936035
31036  -47.829  -22.445  7.201 55.9384346008
31037  -49.554  -21.653  6.448 60.7454643250
31038  -48.302  -21.317  6.895 53.4170379639
31039  -48.726  -20.235  6.492 50.5277252197
31040  -48.999  -19.142  6.007 47.1293067932
31042  -47.529  -19.125  5.418 29.7402744293
31043  -49.201  -18.204  5.328 43.4583244324
31044  -49.531  -17.277  4.573 40.0059623718
31045  -49.781  -16.363  3.756 36.5630760193
31046  -50.200  -15.499  2.853 33.5700531006
31047  -50.625  -14.553  1.994 29.6037025452
31048  -49.210  -15.896  2.057 22.5014305115
31197  -52.736  -29.711  4.288 22.5352249146
31198  -54.564  -29.016  4.470 25.6672878265
31199  -53.768  -27.852  3.043 22.3575859070
31200  -55.116  -28.110  3.857 25.6576080322
31201  -56.577  -28.429  4.681 28.8223838806
31202  -58.432  -27.959  4.947 29.3366050720
31203  -60.460  -27.343  5.231 27.5224094391
31204  -62.373  -26.763  5.398 22.9556808472
31206  -62.799  -25.916  4.873 20.8645915985
31209  -61.115  -24.171  2.707 23.5406417847
33413  -51.111  -24.550  0.424 35.0769653320
33414  -52.172  -23.275  0.280 39.2818870544
33415  -50.221  -23.934  0.528 40.1777000427
33416  -49.504  -23.505  1.083 44.3583602905
33417  -48.988  -23.403  2.043 47.6243247986
33418  -46.788  -25.573  2.965 43.4318809509
33419  -47.778  -24.514  3.049 47.0465202332
33420  -48.728  -23.483  3.091 50.9815788269
33421  -48.646  -23.749  4.214 55.4445457458
33422  -48.537  -23.951  5.534 60.0069770813
33423  -48.130  -23.835  6.621 59.4210891724
33424  -42.567  -29.335  7.482 39.1457099915
33425  -43.460  -28.462  7.471 44.0263061523
33426  -44.298  -27.548  7.519 48.6137161255
33427  -42.375  -27.526  9.500 41.5273818970
33428  -43.854  -27.114  8.630 46.5788650513
33429  -45.185  -26.597  7.610 52.8858146667
33430  -46.008  -25.584  7.618 56.7900772095
33431  -46.707  -24.557  7.532 57.4861221313
33432  -47.318  -23.533  7.406 57.3845825195
33433  -46.176  -23.103  7.752 47.5597686768
33434  -44.848  -22.781  7.574 33.3256225586
33580  -47.723  -28.752  1.522 20.3674755096
33581  -49.399  -27.982  1.409 20.7851409912
33582  -49.909  -26.870  1.003 25.6374454498
33583  -50.477  -25.723  0.680 30.5094680786
38072  -53.367  -22.091  0.272 42.7916069031
38073  -54.399  -21.022  0.408 45.2104568481
38074  -55.394  -20.108  0.621 45.1064453125
38075  -52.434  -20.269  1.219 56.0825386047
38076  -54.297  -19.600  0.884 50.4019508362
38077  -56.070  -19.232  1.017 44.4238090515
38078  -56.729  -18.350  1.470 43.2908706665
38079  -57.298  -17.568  1.841 42.3401527405
38080  -57.891  -16.782  2.132 40.4864425659
38081  -51.009  -20.838  5.582 64.8610305786
38082  -52.026  -19.829  4.677 64.0478363037
38083  -53.045  -18.804  3.774 62.2867698669
38084  -53.254  -17.850  4.796 61.5985603333
38085  -53.740  -17.939  4.018 61.2970390320
38086  -54.241  -17.871  3.088 58.2174720764
38087  -55.618  -17.087  2.587 53.7774963379
38088  -57.067  -16.510  2.352 45.4356040955
38089  -58.554  -15.939  2.285 38.2915878296
38090  -59.173  -14.916  2.298 33.0696868896
38091  -59.786  -13.849  2.024 27.0502891541
38093  -58.222  -13.086  2.057 30.6107425690
38094  -59.517  -12.221  1.595 21.1189861298
38108  -51.093  -13.659  1.116 25.3716030121
38109  -51.605  -12.518  0.277 20.4878501892
38486  -53.753  -31.929  6.401 20.3497447968
38487  -55.499  -32.262  7.001 20.3522682190
38488  -57.612  -30.692  6.291 25.4222640991
38489  -57.439  -31.650  6.783 21.9270038605
41489  -54.107  -23.665  0.573 32.1140403748
41490  -54.704  -23.050  0.531 33.4280662537
41491  -53.657  -23.300  0.414 35.2483825684
41530  -52.726  -24.498  0.588 31.8060016632
41531  -53.427  -24.748  0.840 28.9405136108
41532  -53.816  -24.171  0.677 30.6156635284
41533  -54.836  -23.893  0.795 28.9397506714
42089  -42.122  -30.123  5.791 30.8586082458
42090  -42.626  -29.615  5.744 33.5175895691
42091  -42.108  -30.015  6.372 32.7523956299
42130  -41.208  -30.931  6.348 29.6630115509
42131  -41.378  -31.009  5.678 28.0178318024
42132  -41.746  -30.551  5.712 29.2914276123
42133  -42.252  -30.155  5.101 29.0337829590
43352  -59.818  -16.494  2.215 31.3495407104
43353  -60.465  -16.228  2.165 28.4066753387
43354  -60.045  -16.028  2.186 30.3981189728
43355  -60.252  -15.567  2.134 28.5443572998
43356  -59.630  -15.852  2.237 32.3177375793
43357  -49.288  -22.879  6.124 62.9855918884
43358  -49.924  -22.403  5.585 64.2470169067
43359  -49.694  -22.372  6.096 63.8311233521
43360  -51.479  -14.996  3.049 38.9943084717
43361  -52.082  -15.038  3.272 42.4912223816
43362  -52.239  -14.580  2.774 38.9757881165
43363  -53.073  -14.059  2.421 38.0284080505
43364  -52.490  -14.017  2.239 35.5475044250
43365  -52.756  -13.498  1.778 32.1416397095
43366  -51.930  -14.041  2.065 33.0735778809
43473  -62.846  -27.438  5.851 21.1143627167
43474  -62.662  -27.865  6.075 21.1152782440
44489  -37.357  -32.048  11.137 28.7377834320
44490  -37.813  -31.690  10.941 30.0653305054
44491  -37.199  -31.793  11.605 28.4605255127
44530  -36.392  -32.538  12.023 25.2269992828
44531  -36.625  -32.769  11.432 26.0794200897
44532  -36.992  -32.404  11.269 27.2948074341
44533  -37.593  -32.280  10.572 29.1507091522
45752  -57.594  -19.981  0.950 35.3315124512
45753  -58.430  -19.741  1.097 32.1045188904
45754  -57.939  -19.539  1.126 35.0223426819
45755  -58.233  -19.085  1.329 34.3973426819
45756  -57.441  -19.301  1.158 37.9156723022
45757  -44.720  -21.949  6.571 20.4529304504
45758  -45.462  -21.433  6.607 24.6376590729
45873  -57.426  -25.936  2.928 24.6673507690
45874  -57.090  -26.439  3.209 25.0101642609
45875  -58.047  -26.144  3.351 25.8675594330
45876  -58.669  -26.350  3.762 26.6356639862
45877  -59.048  -25.865  3.485 25.8718681335
45878  -60.077  -25.587  3.605 25.5773944855
45879  -59.452  -25.400  3.205 25.1709651947
45880  -60.708  -22.104  1.477 21.1911525726
45881  -61.330  -22.335  1.767 20.7658042908
47549  -46.788  -26.515  1.631 35.0168876648
47550  -47.247  -25.869  1.582 37.5226440430
47551  -46.528  -26.329  2.004 37.3229598999
47552  -45.576  -26.785  5.702 48.6153259277
47553  -46.105  -26.323  5.160 48.9820442200
47554  -46.027  -26.345  5.752 50.5199737549
47555  -46.512  -25.855  5.794 52.4253120422
47556  -45.970  -26.286  6.359 51.9827842712
47557  -40.482  -29.270  10.209 36.2642097473
47558  -41.229  -29.097  9.655 37.6734046936
47559  -40.890  -28.770  10.103 36.8311271667
47560  -42.175  -25.599  9.209 32.0334167480
47561  -42.736  -25.838  9.286 39.1549835205
47562  -42.995  -25.362  9.031 38.1261100769
47563  -43.828  -25.136  8.823 42.3369979858
47564  -43.205  -24.886  8.795 37.0419807434
47565  -43.384  -24.438  8.506 35.3964309692
47566  -42.546  -24.705  8.604 29.4013252258
47670  -38.899  -34.530  7.825 22.3902645111
47671  -39.319  -34.746  7.462 20.9663619995
47672  -39.463  -34.304  7.092 22.0350074768
47680  -45.786  -27.546  2.034 32.2147598267
47681  -46.255  -27.674  1.668 29.6316795349
47682  -46.512  -27.100  1.638 32.4300613403
47683  -47.302  -26.675  1.280 32.6262893677
51352  -50.120  -22.285  1.562 50.7249870300
51353  -50.924  -21.785  1.096 50.5020332336
51354  -50.613  -21.714  1.526 52.8721885681
51355  -53.111  -18.956  2.645 58.9783363342
51356  -53.341  -18.911  2.170 57.0969467163
51357  -53.787  -18.548  2.354 56.8257637024
51358  -54.516  -18.169  2.105 54.6328735352
51359  -54.134  -18.195  2.517 56.7416419983
51360  -50.635  -18.900  5.942 57.9612808228
51361  -51.260  -19.078  5.815 63.2608566284
51362  -51.386  -18.507  5.678 61.9692039490
51363  -55.492  -15.561  3.463 50.0852622986
51364  -55.246  -16.079  3.582 52.7259368896
51365  -55.927  -15.680  3.255 49.8860092163
51366  -56.351  -15.740  3.018 49.6850471497
51367  -56.655  -15.269  2.934 46.7524414062
51368  -57.393  -14.851  2.699 42.0096282959
51369  -56.902  -14.756  2.804 43.0306892395
51698  -55.158  -29.613  5.184 26.8950977325
51699  -54.995  -30.149  5.524 26.2236022949
51700  -56.002  -29.811  5.557 27.1613445282
51702  -61.149  -30.858  7.339 20.8150806427
55349  -58.071  -22.604  1.016 25.4956932068
55350  -58.592  -21.991  0.922 25.2737693787
55351  -57.673  -22.299  0.871 27.9176368713
55352  -55.893  -21.902  0.525 35.2926559448
55353  -56.863  -21.689  0.630 32.9746055603
55354  -56.416  -21.408  0.553 36.1215744019
55355  -56.841  -20.915  0.646 35.9136352539
55356  -55.924  -21.130  0.512 39.4971199036
55470  -51.481  -26.685  1.305 23.8190994263
55471  -52.125  -26.847  1.629 22.1486663818
55472  -52.496  -26.296  1.393 23.4183349609
55473  -54.830  -25.114  1.417 24.8134250641
55474  -54.428  -25.648  1.637 23.6300373077
55475  -55.477  -25.317  1.761 23.7982559204
55476  -56.136  -25.507  2.110 22.8906230927
55477  -56.584  -25.004  1.880 23.3907070160
55478  -57.632  -24.746  2.003 23.9664249420
55479  -56.933  -24.543  1.679 24.1385097504
55480  -56.832  -23.346  1.044 27.5037174225
55481  -57.556  -23.542  1.278 25.7615337372
55482  -57.806  -23.070  1.118 25.6604957581
55483  -58.789  -22.773  1.207 23.7398605347
57149  -44.284  -28.358  3.473 33.4953117371
57150  -44.790  -27.747  3.433 36.3614349365
57151  -44.216  -28.261  3.986 35.4911766052
57152  -43.662  -28.642  5.670 38.7372169495
57153  -44.188  -28.192  5.044 39.6122436523
57154  -44.191  -28.179  5.590 41.4132537842
57155  -44.706  -27.701  5.616 44.0393104553
57156  -44.154  -28.153  6.201 43.0516090393
57158  -39.507  -27.879  10.562 22.5002975464
57270  -39.745  -32.750  6.775 26.0797767639
57271  -40.068  -32.936  6.239 24.5088577271
57272  -40.330  -32.466  6.044 25.0833511353
57273  -41.838  -31.238  4.504 24.7385940552
57274  -41.523  -31.778  4.721 23.5696029663
57275  -42.139  -31.416  4.131 23.1727695465
57276  -42.528  -31.597  3.750 21.5111579895
57277  -42.770  -31.058  3.593 22.6794967651
57278  -43.408  -30.715  3.095 22.1177406311
57279  -42.999  -30.507  3.439 24.0372047424
57280  -43.331  -29.318  3.963 30.3498344421
57281  -43.578  -29.419  3.377 28.5434665680
57282  -43.929  -28.872  3.414 30.8336715698
57283  -44.539  -28.416  2.879 31.5514545441
60937  -61.483  -17.295  1.930 21.3277931213
60939  -61.636  -16.892  1.931 21.0729293823
60940  -61.577  -15.764  1.893 21.8809146881
60947  -60.747  -14.543  1.898 24.2584190369
60948  -61.240  -14.260  1.564 21.0377979279
60949  -60.932  -13.996  1.597 21.8138523102
60951  -60.662  -13.779  1.661 22.4384422302
60952  -49.660  -22.634  3.688 59.1837005615
60953  -50.168  -22.024  3.145 60.0722961426
60954  -50.121  -22.090  3.754 61.6511878967
60955  -50.983  -21.272  4.500 64.0227813721
60956  -51.032  -21.148  3.935 63.6345443726
60957  -51.427  -20.671  3.995 64.5190811157
60958  -51.928  -20.065  3.516 63.2669677734
60959  -51.818  -20.213  4.097 64.3091506958
60960  -51.048  -16.880  4.814 49.9365806580
60961  -51.723  -16.985  5.024 55.5531654358
60962  -51.851  -16.497  4.692 52.4244728088
60963  -53.316  -15.124  3.646 47.0921783447
60964  -53.242  -15.618  4.107 50.5447196960
60965  -53.909  -15.232  3.780 48.6864089966
60966  -54.523  -15.305  3.763 50.2001838684
60967  -54.699  -14.786  3.301 46.2933425903
60968  -55.485  -14.325  2.864 42.6440391541
60969  -54.870  -14.267  2.832 42.1360740662
60970  -54.728  -13.016  1.769 32.5484886169
60971  -55.314  -13.058  1.921 33.6474800110
60972  -55.566  -12.391  1.534 29.4611091614
60973  -56.382  -11.765  1.337 25.9614200592
60974  -55.853  -11.676  1.129 25.2328605652
60975  -56.125  -10.941  0.799 21.5014133453
60976  -55.299  -11.643  0.936 24.3667640686
60977  -53.225  -12.293  0.839 25.1123867035
60978  -54.058  -11.627  0.573 22.7372646332
60979  -53.486  -11.620  0.417 21.7429084778
60981  -52.943  -11.659  0.270 20.8376369476
61298  -59.051  -28.518  5.483 28.9063892365
61299  -58.914  -28.960  5.668 28.5978298187
61300  -59.842  -28.678  5.758 27.5495014191
61301  -62.321  -28.825  6.541 21.2112731934
61302  -61.471  -29.069  6.416 23.7606449127
61303  -62.269  -29.295  6.748 21.5747337341
61304  -62.180  -29.742  6.965 21.4722518921
64349  -39.834  -31.406  8.434 31.7371253967
64350  -40.367  -31.001  8.324 33.1248397827
64351  -39.746  -31.220  8.989 32.4417610168
64352  -38.847  -30.926  10.569 32.0778999329
64353  -39.549  -30.801  9.963 32.9038276672
64354  -39.318  -30.549  10.459 33.1642532349
64355  -39.693  -30.189  10.379 34.2043876648
64356  -39.008  -30.263  10.923 31.1840610504
64358  -36.733  -31.229  12.470 22.6885967255
64363  -38.320  -29.631  11.604 23.4032154083
64465  -36.676  -35.060  10.765 20.2702980042
64467  -37.180  -34.959  10.029 21.4794712067
64468  -37.742  -34.823  9.288 22.3465347290
64469  -37.320  -34.582  9.731 23.2124042511
64471  -35.634  -34.216  12.367 21.1554508209
64472  -35.829  -33.860  12.068 22.4416599274
64473  -37.179  -33.209  10.177 27.5669498444
64474  -36.890  -33.600  10.393 26.2645187378
64475  -37.441  -33.465  9.674 26.7402896881
64476  -37.730  -33.760  9.177 25.8967571259
64477  -38.022  -33.317  8.948 27.0444049835
64478  -38.601  -33.154  8.222 27.1701812744
64479  -38.350  -32.914  8.738 28.2457542419
64480  -38.820  -31.951  9.187 31.3005256653
64481  -39.069  -32.126  8.492 30.0921115875
64482  -39.436  -31.753  8.468 30.9051723480
64483  -40.044  -31.528  7.752 30.2542018890
68137  -59.526  -20.856  1.017 23.7604522705
68138  -60.367  -20.533  1.156 20.5588092804
68139  -59.906  -20.327  1.109 23.1199893951
68140  -60.003  -19.203  1.437 25.3902339935
68141  -60.473  -19.383  1.397 22.6660900116
68142  -60.729  -18.924  1.550 22.6623077393
68143  -61.398  -18.670  1.621 20.3141155243
68144  -60.973  -18.459  1.684 22.7229309082
68145  -61.186  -18.053  1.816 22.1529598236
68146  -60.524  -18.301  1.756 25.1621799469
68147  -58.804  -18.185  1.717 33.5448455811
68148  -59.574  -17.946  1.882 30.2590065002
68149  -59.105  -17.758  1.942 33.0948677063
68150  -59.326  -17.347  2.093 32.5284996033
68151  -58.579  -17.559  1.950 35.9230079651
68152  -47.198  -22.238  7.342 51.8816680908
68153  -48.063  -21.862  7.064 54.8432464600
68154  -47.417  -21.691  7.187 50.2202148438
68155  -47.096  -20.504  6.521 36.9007530212
68156  -47.802  -20.606  6.680 46.1412849426
68157  -47.950  -20.082  6.431 43.8533325195
68158  -48.877  -19.689  6.269 48.8937454224
68159  -48.087  -19.594  6.092 41.6124916077
68165  -47.661  -18.654  4.993 27.5039806366
68166  -48.342  -18.642  5.367 37.0518531799
68167  -48.514  -18.201  4.979 35.1701812744
68168  -49.400  -17.745  4.962 41.7729949951
68169  -48.691  -17.766  4.609 33.5339736938
68170  -48.480  -17.065  3.341 22.8811111450
68171  -49.020  -16.868  3.764 30.5122718811
68172  -49.200  -16.452  3.350 29.4893321991
68173  -49.952  -15.898  3.334 34.9969100952
68174  -49.398  -16.062  2.910 28.6806564331
68175  -49.619  -15.625  2.491 27.9859485626
68176  -48.937  -16.301  2.475 22.5084896088
68493  -52.291  -29.194  3.565 20.6270389557
68494  -52.044  -29.635  3.879 20.5094490051
68495  -52.964  -29.247  3.961 22.4216136932
68496  -53.647  -29.363  4.400 23.9968624115
68497  -53.900  -28.874  4.053 24.0420722961
68498  -53.406  -27.182  2.359 21.4627075195
68499  -53.126  -27.689  2.651 21.2984104156
68500  -54.059  -27.361  2.767 22.1243152618
68501  -56.328  -27.349  3.705 26.1565399170
68502  -55.379  -27.669  3.566 24.9898014069
68503  -56.044  -27.821  3.977 26.8526058197
68504  -55.750  -28.260  4.239 27.5836448669
68505  -56.756  -27.996  4.391 28.2907962799
68506  -57.540  -28.178  4.805 29.0372238159
68507  -57.694  -27.740  4.535 28.5497150421
68508  -59.945  -26.717  4.598 28.2945137024
68509  -59.679  -27.202  4.856 28.9768905640
68510  -60.601  -26.921  5.027 26.9196109772
68511  -61.440  -27.038  5.324 25.4895210266
68512  -61.630  -26.606  5.119 24.4833145142
68513  -62.582  -26.310  5.198 21.8432655334
68514  -61.860  -26.181  4.921 23.5240459442
68515  -61.908  -25.091  3.835 24.0404987335
68516  -62.474  -25.297  4.244 21.7754364014
68517  -62.719  -24.837  3.869 21.1108951569
68519  -63.018  -24.355  3.492 20.6934356689
68520  -59.615  -24.196  2.216 24.4603652954
68521  -60.238  -24.443  2.587 24.3193321228
68522  -60.522  -23.889  2.331 23.8994503021
68524  -62.295  -23.325  2.521 20.3912677765
73529  -50.153  -24.891  0.518 35.5354194641
73530  -50.618  -24.233  0.408 37.7205085754
73531  -49.720  -24.599  0.604 38.1014633179
73532  -48.198  -24.578  1.520 42.0231361389
73533  -49.037  -24.084  1.099 42.3461189270
73534  -48.692  -24.014  1.544 43.9927062988
73535  -49.163  -23.442  1.516 45.9721946716
73536  -48.469  -23.960  2.031 45.6290016174
73537  -45.810  -26.577  3.463 41.5750656128
73538  -46.322  -26.098  2.965 41.6173629761
73539  -46.274  -26.071  3.477 43.4202919006
73540  -47.178  -25.224  4.089 49.0005798340
73541  -47.212  -25.128  3.567 47.0931472778
73542  -47.680  -24.627  3.588 49.0543251038
73543  -48.234  -24.013  3.082 48.8140182495
73544  -48.168  -24.118  3.602 50.9531326294
73545  -48.631  -23.653  3.623 53.1535453796
73546  -48.132  -24.236  4.154 53.2093925476
73547  -47.477  -24.901  5.970 56.5894775391
73548  -48.054  -24.411  5.457 58.0379219055
73549  -47.918  -24.418  6.068 58.7689933777
73550  -48.414  -23.934  6.131 60.3322753906
73551  -47.716  -24.352  6.606 58.6033477783
73552  -41.432  -30.105  8.214 35.9909439087
73553  -42.055  -29.778  7.533 36.5860824585
73554  -41.947  -29.660  8.111 37.8890724182
73555  -42.608  -28.603  8.614 41.7129096985
73556  -42.918  -28.769  8.027 42.2704124451
73557  -43.249  -28.328  8.074 44.2938499451
73558  -43.863  -28.035  7.495 46.3372764587
73559  -43.681  -27.841  8.085 46.1830215454
73560  -41.108  -27.472  10.058 32.7970848083
73561  -41.585  -27.753  9.896 38.1837120056
73562  -41.931  -27.265  9.772 38.6782913208
73563  -43.809  -26.362  8.995 45.6898231506
73564  -43.483  -26.846  9.043 45.1079483032
73565  -44.235  -26.650  8.634 47.7915954590
73566  -44.536  -26.877  8.140 49.7855415344
73567  -44.915  -26.398  8.155 51.2861747742
73568  -45.591  -26.100  7.622 54.9094963074
73569  -45.310  -25.899  8.153 52.8899002075
73570  -45.422  -24.627  8.268 49.8068275452
73571  -45.936  -24.887  8.003 54.6122169495
73572  -46.254  -24.370  7.905 54.8860054016
73573  -47.030  -24.057  7.479 57.9648551941
73574  -46.523  -23.830  7.775 55.2404899597
73575  -46.794  -23.315  7.646 54.3454284668
73576  -45.953  -23.593  7.952 49.0744476318
73577  -43.857  -23.573  7.943 31.1218681335
73578  -44.666  -23.239  7.852 35.9630813599
73579  -44.031  -23.138  7.587 28.8323287964
73580  -44.263  -22.720  7.281 26.0738201141
73581  -43.412  -23.108  7.218 21.2688598633
73898  -40.785  -33.363  5.449 21.5385971069
73899  -40.591  -33.861  5.805 21.0129642487
73920  -44.809  -29.881  2.272 22.0737266541
73922  -45.544  -29.427  1.905 21.5983428955
73923  -47.372  -28.019  1.298 24.7162685394
73924  -47.138  -28.572  1.448 22.1672325134
73925  -47.972  -28.169  1.293 22.8173122406
73926  -48.539  -28.377  1.413 20.7676429749
73927  -48.797  -27.793  1.215 23.0896167755
73928  -49.664  -27.415  1.183 23.1622047424
73929  -49.012  -27.220  1.004 25.6507186890
73930  -48.941  -25.827  0.768 33.5746269226
73931  -49.513  -26.097  0.727 30.9119815826
73932  -49.877  -25.469  0.604 33.3544425964
73933  -50.823  -25.125  0.524 32.8007583618
84937  -51.700  -22.990  0.305 41.7724914551
84938  -52.750  -22.661  0.267 41.1707839966
84939  -52.320  -22.382  0.269 43.6423225403
84940  -52.843  -21.021  0.500 49.2721443176
84941  -53.374  -21.243  0.382 46.6785240173
84942  -53.894  -20.730  0.439 48.1395530701
84943  -54.895  -20.559  0.500 45.7084579468
84944  -54.374  -20.290  0.575 48.4461326599
84945  -51.319  -20.813  2.144 58.3988342285
84946  -51.581  -20.733  1.602 56.3730583191
84947  -52.053  -20.229  1.710 58.2591400146
84948  -54.179  -18.997  1.384 52.4807052612
84949  -53.781  -19.427  1.165 52.8833999634
84950  -54.696  -19.167  1.063 49.9937858582
84951  -55.218  -19.403  0.877 47.4634284973
84952  -55.535  -18.978  1.127 47.1241226196
84953  -56.370  -18.793  1.249 43.8312072754
84954  -55.873  -18.547  1.348 46.5995712280
84955  -56.087  -17.564  1.896 48.7338638306
84956  -56.537  -17.745  1.757 45.7858734131
84957  -56.858  -17.378  1.947 45.3390426636
84958  -57.610  -17.188  2.020 41.4315719604
84959  -57.160  -17.013  2.107 44.2341003418
84960  -49.834  -21.122  6.361 60.5751113892
84961  -50.328  -21.270  6.032 64.4628601074
84962  -50.675  -20.765  5.995 64.7446670532
84963  -52.131  -19.308  5.164 63.6217575073
84964  -51.841  -19.830  5.159 63.9716796875
84965  -52.374  -19.383  4.749 63.7873802185
84966  -52.527  -19.335  4.212 63.9486389160
84967  -52.876  -18.862  4.285 63.5969734192
84968  -52.935  -17.220  4.996 59.3448524475
84969  -52.817  -17.772  5.107 60.5419006348
84970  -53.398  -17.325  4.790 60.7932815552
84971  -54.677  -17.028  3.676 57.8619308472
84972  -54.092  -17.453  4.071 60.8339157104
84973  -54.339  -17.516  3.653 59.4186019897
84974  -53.980  -17.939  3.560 59.7696685791
84975  -54.612  -17.489  3.227 57.9990158081
84976  -54.927  -17.460  2.819 56.5684242249
84977  -55.278  -17.062  2.924 55.6326942444
84978  -57.103  -15.954  2.616 46.1220741272
84979  -56.742  -16.369  2.498 47.7928886414
84980  -57.475  -16.074  2.430 43.9187202454
84981  -57.817  -16.234  2.283 41.7089042664
84982  -58.149  -15.780  2.353 40.2421646118
84983  -58.847  -15.463  2.310 35.8498497009
84984  -58.493  -15.277  2.397 37.3443641663
84985  -58.752  -14.005  2.284 32.1299972534
84986  -59.149  -14.187  2.273 31.1419010162
84987  -59.401  -13.668  2.066 27.7088336945
84988  -60.010  -13.320  1.789 23.4502563477
84989  -59.647  -13.091  1.832 24.0579738617
84990  -56.965  -13.404  2.246 34.7720069885
84991  -57.464  -13.564  2.296 35.0497970581
84992  -57.724  -12.898  1.985 31.1719493866
84994  -59.116  -11.960  1.549 21.9739990234
85027  -50.131  -14.811  1.616 25.1789493561
85028  -50.885  -14.137  1.525 27.5474967957
85029  -50.359  -14.376  1.184 23.7439289093
85976  -54.838  -31.140  6.135 23.4113082886
85977  -53.817  -31.443  6.113 21.9857883453
85978  -54.782  -31.630  6.410 22.0012645721
85979  -54.659  -32.110  6.719 20.3084144592
85980  -55.619  -31.800  6.677 22.0486030579
85981  -58.696  -29.921  6.097 26.4496688843
85982  -57.760  -30.197  6.052 26.6832199097
85983  -58.592  -30.414  6.337 25.3889598846
85984  -59.329  -31.470  7.162 21.3046569824
85985  -58.386  -31.330  6.823 22.5085296631
85986  -58.314  -31.755  7.123 20.8340740204
93113  -56.098  -23.130  0.817 29.2766323090
93114  -56.680  -22.547  0.761 29.9016666412
93115  -55.687  -22.789  0.624 31.1894474030
93116  -55.316  -22.463  0.518 34.4358215332
93117  -54.879  -22.154  0.418 37.6547393799
93186  -52.069  -25.607  0.916 27.6389427185
93187  -52.795  -25.767  1.185 25.2147235870
93188  -53.069  -25.272  1.001 27.0921649933
93189  -54.154  -24.925  1.106 26.0645885468
93190  -55.226  -24.609  1.227 25.9979534149
93191  -56.245  -24.329  1.372 25.6249637604
93192  -55.548  -24.112  1.070 27.1384277344
93193  -55.845  -23.617  0.920 28.2839756012
94193  -43.149  -29.273  4.605 32.2234191895
94194  -43.658  -28.734  4.540 34.7418098450
94195  -43.128  -29.184  5.143 34.2043952942
94196  -43.145  -29.122  5.707 36.1629180908
94197  -43.150  -29.055  6.288 38.0098075867
94266  -40.382  -31.833  6.509 27.2764472961
94267  -40.621  -31.972  5.919 25.6640396118
94268  -40.964  -31.478  5.780 26.7514991760
94269  -41.582  -31.108  5.053 26.3554306030
94270  -42.114  -30.730  4.459 25.9352073669
94271  -42.671  -30.357  3.913 25.6586093903
94272  -42.421  -30.230  4.472 27.3153553009
94273  -42.773  -29.728  4.509 29.7449150085
96466  -60.671  -16.905  2.166 26.4453430176
96467  -61.267  -16.681  2.080 23.5709171295
96468  -60.895  -16.434  2.138 26.1490383148
96469  -61.064  -15.983  2.061 25.0708351135
96470  -61.217  -15.497  1.936 23.6024780273
96471  -61.438  -15.014  1.741 21.9424495697
96472  -60.860  -15.272  1.981 25.0979690552
96473  -60.507  -15.065  2.051 26.4753570557
96474  -60.151  -14.854  2.124 27.7964496613
96475  -49.594  -22.882  4.995 61.9505081177
96476  -50.112  -22.225  4.416 62.5496368408
96477  -50.056  -22.341  5.028 63.4184608459
96478  -50.493  -21.854  5.053 63.8927307129
96479  -50.894  -21.369  5.082 64.3858718872
96480  -51.204  -15.910  3.972 44.4007568359
96481  -51.913  -15.967  4.213 49.0994071960
96482  -51.970  -15.492  3.758 45.8168754578
96483  -52.709  -15.070  3.468 45.4067878723
96484  -53.514  -14.660  3.117 43.2838020325
96485  -54.291  -14.209  2.738 40.7392082214
96486  -53.683  -14.134  2.593 39.3759155273
96487  -53.897  -13.548  2.083 35.3941650391
96488  -54.148  -12.982  1.600 31.4899997711
96489  -54.423  -12.325  1.174 27.5116958618
96490  -53.574  -12.942  1.467 30.4060840607
96491  -53.021  -12.926  1.331 28.6456146240
96492  -52.449  -12.912  1.123 26.9733238220
96683  -60.999  -27.928  5.711 26.0962562561
96684  -60.828  -28.395  5.865 26.1410140991
96685  -61.746  -28.113  6.003 23.8125247955
96686  -62.462  -28.352  6.296 21.0513916016
98513  -38.588  -31.775  9.822 31.1454811096
98514  -39.115  -31.391  9.665 31.8447017670
98515  -38.476  -31.546  10.285 31.0516624451
98516  -38.335  -31.301  10.728 31.0312938690
98517  -38.140  -31.034  11.195 30.4239521027
98585  -36.298  -34.766  11.221 20.7412834167
98586  -35.787  -33.259  12.420 22.5281715393
98587  -36.050  -33.506  11.792 23.7312316895
98588  -36.313  -33.138  11.617 25.0749549866
98589  -36.890  -32.984  10.797 27.0090694427
98590  -37.513  -32.837  10.016 28.7172222137
98591  -38.129  -32.675  9.270 29.3286685944
98592  -37.846  -32.486  9.951 29.6556930542
98593  -38.177  -32.147  9.908 30.5649166107
100786  -58.641  -20.388  0.949 29.3591003418
100787  -59.442  -20.122  1.098 26.0563640594
100788  -58.941  -19.927  1.104 29.0680484772
100789  -59.213  -19.479  1.265 28.5574684143
100790  -59.525  -18.988  1.465 28.1750583649
100791  -59.808  -18.551  1.629 27.9133720398
100792  -59.008  -18.821  1.490 31.0205173492
100793  -58.506  -18.620  1.526 33.9003334045
100794  -58.011  -18.404  1.569 36.8827705383
100795  -45.902  -21.914  7.227 36.0931053162
100796  -46.752  -21.519  7.092 41.9830551147
100797  -46.101  -21.432  6.900 33.4717102051
100798  -46.246  -20.931  6.596 30.5673217773
100799  -46.419  -20.490  6.237 27.4827995300
100805  -48.073  -17.838  4.187 24.7785186768
101002  -52.560  -28.703  3.257 20.8602523804
101003  -55.332  -26.552  2.612 22.1397762299
101004  -54.982  -27.051  2.879 22.5606079102
101005  -56.018  -26.751  3.043 23.7258110046
101006  -56.688  -26.912  3.459 25.4808292389
101007  -57.336  -27.085  3.886 27.1582946777
101008  -57.977  -27.280  4.299 28.0375099182
101009  -58.312  -26.800  4.048 27.4291133881
101010  -59.306  -26.534  4.169 27.4297389984
101011  -60.291  -26.256  4.325 27.1913185120
101012  -61.214  -26.025  4.501 25.3069152832
101013  -60.665  -25.797  4.035 26.1131343842
101014  -61.013  -25.335  3.721 25.0658931732
101015  -61.341  -24.895  3.436 24.0994052887
101016  -60.208  -23.107  1.752 23.0004367828
101017  -60.816  -23.317  2.101 22.7886676788
101018  -61.098  -22.818  1.915 21.7276706696
104021  -48.370  -25.622  0.949 36.1273155212
104022  -48.824  -24.997  0.839 38.4613418579
104023  -47.998  -25.404  1.181 38.1697959900
104024  -47.708  -25.222  1.523 40.0273437500
104025  -47.490  -25.097  1.980 41.7727012634
104026  -45.705  -26.677  4.552 45.2270812988
104027  -46.227  -26.145  4.017 45.2154006958
104028  -46.168  -26.250  4.573 47.0678024292
104029  -46.662  -25.795  4.602 48.8918457031
104030  -47.136  -25.306  4.627 50.9906883240
104031  -47.627  -24.824  4.675 53.2954902649
104032  -47.075  -25.384  5.211 53.1085090637
104033  -46.996  -25.381  5.883 54.4745407104
104034  -46.875  -25.339  6.502 55.4812660217
104035  -41.081  -29.785  9.252 36.1389694214
104036  -41.763  -29.545  8.638 37.8713340759
104037  -41.520  -29.358  9.156 37.7992210388
104038  -41.906  -28.896  9.162 39.4828071594
104039  -42.295  -28.348  9.140 41.1053886414
104040  -41.656  -26.542  9.697 33.0112037659
104041  -42.219  -26.796  9.640 39.2798995972
104042  -42.478  -26.292  9.520 39.9269332886
104043  -43.296  -26.087  9.212 43.4429550171
104044  -44.088  -25.884  8.908 45.8231811523
104045  -44.840  -25.654  8.513 49.5379791260
104046  -44.364  -25.399  8.727 46.0492515564
104047  -44.642  -24.880  8.585 45.8854064941
104048  -44.852  -24.361  8.397 44.8482704163
104049  -45.101  -23.871  8.208 43.7909278870
104050  -44.237  -24.145  8.406 39.6067428589
104051  -43.608  -24.000  8.236 33.2955017090
104052  -42.989  -23.916  7.950 25.5408725739
104256  -45.269  -28.670  2.059 26.5417327881
104257  -45.788  -28.813  1.801 24.0093708038
104258  -46.023  -28.193  1.680 26.8311901093
104259  -46.795  -27.835  1.420 27.0009841919
104260  -47.581  -27.460  1.163 27.3044586182
104261  -48.361  -27.070  0.978 27.9908142090
104262  -47.819  -26.877  1.066 30.1991233826
104263  -48.112  -26.229  0.974 33.1695976257
110866  -50.818  -22.508  0.713 46.4331054688
110867  -51.794  -22.146  0.463 46.0215873718
110868  -51.321  -21.942  0.745 48.3132553101
110869  -51.820  -21.366  0.720 50.0643920898
110870  -52.331  -20.856  0.719 51.7746582031
110871  -52.217  -19.859  2.374 59.7260169983
110872  -52.542  -19.779  1.852 57.9542350769
110873  -52.939  -19.332  2.015 57.5127182007
110874  -53.725  -18.913  1.757 54.9580650330
110875  -54.577  -18.600  1.577 52.1672706604
110876  -55.393  -18.360  1.540 49.3052444458
110877  -54.941  -18.233  1.794 51.9745979309
110878  -55.313  -17.857  1.975 51.8000564575
110879  -55.694  -17.478  2.128 51.6397972107
110880  -50.398  -20.036  6.182 59.6696891785
110881  -50.909  -20.179  5.927 64.3737106323
110882  -51.123  -19.627  5.891 63.8064117432
110883  -51.763  -19.209  5.533 63.4470329285
110884  -52.439  -18.830  5.186 62.8402099609
110885  -54.199  -16.332  4.265 56.9559173584
110886  -54.025  -16.869  4.426 60.1132125854
110887  -54.632  -16.447  3.976 56.1587829590
110888  -54.985  -16.555  3.635 55.2992706299
110889  -55.265  -16.597  3.279 54.4803276062
110890  -55.627  -16.638  2.962 53.6669273376
110891  -55.994  -16.208  3.036 51.6941452026
110892  -56.727  -15.846  2.816 48.3435287476
110893  -57.449  -15.471  2.639 43.8443298340
110894  -58.153  -15.105  2.503 38.8652343750
110895  -57.770  -14.972  2.594 40.4159965515
110896  -58.070  -14.437  2.484 36.8300514221
110897  -58.349  -13.860  2.282 33.1917724609
110898  -57.470  -12.014  1.601 26.6994743347
110899  -57.992  -12.213  1.716 27.1843299866
110900  -58.203  -11.518  1.459 23.4036293030
110901  -58.874  -11.080  1.273 20.3295669556
111488  -53.249  -30.319  5.067 22.8798675537
111489  -53.092  -30.793  5.413 21.8240547180
111490  -54.037  -30.469  5.463 24.2329025269
111491  -54.871  -30.654  5.862 24.8170909882
111492  -55.867  -30.787  6.083 24.9417762756
111493  -60.397  -30.322  6.792 23.3619480133
111494  -59.441  -30.622  6.680 24.0653858185
111495  -60.314  -30.779  7.027 22.4094867706
111496  -60.284  -31.183  7.241 21.5101203918
115661  -36.163  -32.268  12.557 24.2729892731
115662  -36.562  -31.891  12.273 25.0949954987
115663  -35.926  -32.001  12.943 21.1719722748
115722  -35.530  -32.967  12.963 21.3915958405
115723  -35.819  -32.621  12.771 22.9640407562
117425  -59.931  -21.957  1.215 21.7315139771
117426  -60.384  -21.422  1.173 20.6867656708
117427  -59.504  -21.691  1.057 22.3253822327
117428  -59.103  -21.412  0.955 24.5356445312
117429  -58.684  -21.152  0.872 27.1564006805
117430  -57.266  -21.976  0.740 30.3896446228
117431  -57.823  -21.445  0.758 30.4652423859
117432  -58.214  -20.902  0.822 29.8321685791
117433  -57.733  -20.669  0.797 32.5951309204
117434  -57.242  -20.446  0.781 35.5160751343
117435  -56.739  -20.217  0.776 38.5371971130
117594  -50.893  -27.747  1.782 20.6186504364
117596  -51.808  -27.378  1.878 20.9398727417
117597  -52.749  -27.015  1.977 20.9534816742
117598  -53.715  -26.697  2.101 21.7289829254
117599  -53.454  -25.960  1.507 22.8606967926
117600  -54.062  -26.173  1.865 22.4922447205
117601  -54.682  -26.360  2.229 22.2289524078
117602  -55.687  -26.040  2.370 22.4680442810
117603  -56.794  -25.729  2.511 23.6189956665
117604  -57.846  -25.434  2.661 24.3785018921
117605  -58.867  -25.186  2.805 24.8141498566
117606  -58.262  -24.938  2.394 24.3255691528
117607  -58.626  -24.458  2.125 24.4135608673
117608  -58.958  -23.951  1.884 24.5655498505
117609  -57.253  -24.053  1.476 24.9299640656
117610  -58.244  -23.760  1.558 24.7759628296
117611  -59.246  -23.432  1.657 24.1123771667
117612  -59.539  -22.926  1.464 23.3356189728
117613  -59.771  -22.428  1.329 22.6018791199
119945  -45.433  -27.403  2.509 34.8093261719
119946  -45.923  -26.787  2.489 37.5114440918
119947  -45.364  -27.247  2.951 37.2595214844
119948  -45.327  -27.149  3.432 39.1963920593
119949  -45.290  -27.110  3.954 41.1583290100
119950  -44.177  -28.215  4.519 37.5247459412
119951  -44.723  -27.674  4.497 40.3457870483
119952  -45.230  -27.159  4.508 43.1036262512
119953  -45.195  -27.204  5.065 45.0923805237
119954  -45.129  -27.243  5.646 46.6349754333
119955  -45.046  -27.242  6.277 48.0361251831
119956  -39.708  -28.606  10.750 27.2238883972
119957  -40.479  -28.447  10.400 31.9526309967
119958  -40.009  -28.145  10.539 27.2436599731
119959  -40.342  -27.675  10.328 27.3614711761
119960  -40.585  -27.197  10.103 27.3566246033
119962  -40.060  -26.942  10.018 21.6123275757
119963  -40.855  -26.728  9.852 26.9332237244
119964  -41.105  -26.276  9.596 26.4971084595
119965  -41.314  -25.899  9.291 26.0252189636
119966  -41.525  -25.465  9.005 24.5888366699
119967  -41.730  -25.033  8.684 23.0139255524
120114  -39.280  -33.625  7.172 24.5903568268
120115  -39.659  -33.835  6.731 23.1040172577
120116  -39.852  -33.385  6.441 23.9292030334
120117  -40.434  -33.115  5.775 22.9881801605
120118  -41.020  -32.840  5.154 22.0349483490
120119  -40.913  -32.130  5.374 24.0691642761
120120  -41.241  -32.318  4.899 22.5377559662
120121  -41.642  -32.498  4.542 21.0568084717
120122  -42.300  -32.146  4.004 20.3465747833
120127  -44.087  -30.326  2.657 22.2324066162
120128  -44.311  -29.736  2.538 24.3422279358
120129  -43.277  -29.979  3.388 26.2788486481
120130  -43.890  -29.577  2.886 26.5847568512
120131  -44.532  -29.156  2.480 26.4757995605
120132  -44.816  -28.572  2.439 29.0335845947
120133  -45.158  -27.981  2.438 31.9090461731
125253  -61.802  -16.438  1.876 20.7942161560
125269  -49.774  -22.409  2.577 55.0828132629
125270  -50.405  -21.798  2.074 55.2417144775
125271  -50.266  -21.912  2.597 57.6368484497
125272  -50.667  -21.423  2.616 58.9997978210
125273  -51.136  -20.936  2.735 60.4130706787
125274  -50.578  -21.596  3.869 62.6363410950
125275  -51.059  -21.032  3.376 62.4171371460
125276  -51.616  -20.443  2.865 61.8297882080
125277  -52.063  -19.913  2.928 61.5038108826
125278  -52.492  -19.474  3.031 61.1844520569
125279  -52.893  -19.097  3.195 60.8560333252
125280  -50.820  -17.896  5.483 54.4301223755
125281  -51.604  -17.980  5.539 60.0627632141
125282  -51.649  -17.492  5.299 58.0153274536
125283  -52.397  -17.096  5.105 57.7485008240
125284  -53.068  -16.658  4.809 56.9430351257
125285  -52.569  -16.052  4.408 52.0191535950
125286  -53.177  -16.113  4.536 53.8064155579
125287  -53.707  -16.232  4.475 55.4605407715
125288  -54.349  -15.812  4.083 53.6702575684
125289  -55.030  -15.426  3.639 50.2857856750
125290  -55.736  -15.055  3.240 46.6594810486
125291  -56.436  -14.668  2.871 42.8957023621
125292  -55.981  -14.514  2.893 42.7727584839
125293  -56.227  -13.915  2.526 38.6306037903
125294  -56.431  -13.253  2.154 34.5042076111
125295  -55.055  -13.693  2.341 37.8218154907
125296  -55.916  -13.108  2.024 34.2767372131
125297  -56.676  -12.566  1.796 30.4320755005
125298  -56.908  -11.881  1.496 26.2997074127
125299  -57.182  -11.121  1.196 22.5303153992
125305  -54.684  -11.649  0.747 23.5640449524
125753  -57.173  -29.088  5.351 28.7645912170
125754  -57.026  -29.526  5.573 28.1216526031
125755  -58.020  -29.227  5.561 28.8995876312
125756  -58.792  -29.439  5.871 27.5282993317
125757  -59.618  -29.634  6.178 26.1713981628
125758  -60.656  -28.860  6.070 26.1009654999
125759  -60.562  -29.333  6.276 25.5625534058
125760  -60.477  -29.824  6.525 24.4137611389
125761  -61.308  -30.012  6.890 22.4702644348
125762  -62.061  -30.161  7.177 20.6475505829
129893  -41.023  -30.889  7.070 31.3269882202
129894  -41.555  -30.384  7.026 32.7628707886
129895  -40.968  -30.730  7.682 33.0087165833
129896  -40.908  -30.566  8.233 34.6925354004
129897  -40.813  -30.390  8.778 34.8489913940
129898  -39.651  -31.014  9.528 32.6431427002
129899  -40.186  -30.606  9.384 33.8215866089
129900  -40.661  -30.192  9.335 34.9915466309
129901  -40.399  -29.996  9.831 35.1144332886
129902  -40.088  -29.737  10.299 35.2226409912
129903  -39.732  -29.418  10.703 31.5542449951
129904  -36.987  -31.524  12.088 25.9773349762
129905  -37.447  -31.139  11.879 26.4155406952
129906  -37.876  -30.764  11.650 26.6882781982
129908  -37.552  -30.466  12.040 23.2187709808
129909  -38.278  -30.349  11.494 27.0299301147
129910  -38.677  -29.940  11.323 27.2358474731
129911  -39.037  -29.514  11.138 27.2496604919
129912  -39.386  -29.041  10.935 27.2639884949
129913  -38.909  -28.768  11.074 23.0442905426
130044  -38.186  -35.070  8.881 20.9484272003
130045  -38.321  -34.691  8.556 22.7019519806
130046  -38.497  -34.260  8.223 23.8298892975
130048  -35.926  -34.498  11.770 21.1851291656
130049  -36.441  -34.403  10.932 22.5648994446
130050  -36.333  -33.734  11.139 24.9419231415
130051  -36.637  -34.001  10.592 24.4276771545
130052  -36.960  -34.321  10.160 23.8359241486
130053  -37.514  -34.181  9.430 24.8162593842
130054  -38.101  -34.002  8.677 25.0502986908
130055  -38.711  -33.827  7.893 24.9706897736
130056  -38.917  -33.400  7.687 26.1035556793
130057  -39.188  -32.972  7.452 26.9110088348
130058  -39.484  -32.541  7.333 27.4794750214
130059  -38.720  -32.525  8.569 29.3225173950
130060  -39.267  -32.331  7.897 28.7775974274
130061  -39.826  -32.106  7.206 28.0944023132
130062  -40.198  -31.703  7.123 28.7628059387
130063  -40.617  -31.270  7.069 29.9221134186
134695  -60.224  -19.839  1.242 22.7937507629
134702  -61.342  -17.673  1.904 21.6526031494
134703  -60.892  -17.527  2.015 24.1485500336
134704  -60.046  -18.130  1.815 27.6248722076
134705  -60.265  -17.730  1.994 27.1402816772
134706  -60.434  -17.360  2.115 26.7544651031
134707  -59.986  -17.144  2.202 29.3733577728
134708  -59.589  -16.923  2.175 31.9492683411
134709  -59.145  -16.723  2.157 34.5070381165
134710  -48.438  -22.636  6.913 58.4131317139
134711  -49.237  -22.218  6.489 60.9800643921
134712  -48.680  -22.038  6.821 58.0041046143
134713  -48.957  -21.482  6.738 57.1776618958
134714  -49.220  -20.960  6.594 56.4068603516
134715  -47.623  -21.151  6.919 48.2313995361
134716  -48.503  -20.784  6.720 52.0053176880
134717  -49.450  -20.416  6.437 55.5915145874
134718  -49.749  -19.860  6.310 54.4527130127
134719  -49.786  -19.303  6.106 53.1680603027
134720  -49.870  -18.764  5.878 51.7806205750
134723  -46.544  -20.070  5.822 24.3955764771
134725  -46.674  -19.637  5.437 22.2310028076
134726  -47.359  -19.571  5.800 31.9179553986
134727  -48.263  -19.086  5.756 39.3542251587
134728  -49.098  -18.684  5.680 45.2562408447
134729  -49.964  -18.290  5.620 50.0859375000
134730  -50.092  -17.808  5.273 48.1848754883
134731  -50.248  -17.282  4.913 46.1763725281
134732  -50.357  -16.806  4.524 44.1192970276
134733  -48.879  -17.317  4.176 31.9433708191
134734  -49.649  -16.802  4.194 38.2929534912
134735  -50.439  -16.343  4.119 41.8441009521
134736  -50.488  -15.906  3.672 39.7824554443
134737  -50.741  -15.448  3.214 37.8423881531
134738  -50.963  -14.985  2.723 35.6555175781
134739  -51.162  -14.516  2.267 33.1623725891
134740  -50.398  -15.046  2.409 31.7250957489
134741  -49.899  -15.218  2.054 26.6913757324
134742  -49.458  -15.516  1.642 21.6915950775
135145  -52.533  -30.190  4.654 21.6116313934
135146  -53.406  -29.837  4.732 23.9410285950
135147  -54.380  -29.488  4.817 25.5315608978
135148  -55.352  -29.155  4.885 27.3296298981
135150  -52.850  -28.181  2.932 21.1878051758
135151  -53.458  -28.346  3.351 22.5214710236
135152  -54.694  -27.534  3.143 23.1588973999
135153  -54.419  -27.997  3.437 23.7868900299
135154  -54.154  -28.431  3.748 24.0821208954
135155  -54.816  -28.540  4.127 25.7976360321
135156  -55.540  -28.695  4.543 27.5449981689
135157  -56.363  -28.885  4.986 28.3142814636
135158  -57.351  -28.635  5.077 29.3754901886
135159  -58.270  -28.401  5.195 29.7554206848
135160  -59.204  -28.118  5.293 28.9252662659
135161  -58.677  -27.480  4.696 28.8911437988
135162  -59.432  -27.682  5.100 28.9569759369
135163  -60.230  -27.785  5.429 27.5209560394
135164  -61.216  -27.475  5.556 26.0840816498
135165  -62.126  -27.218  5.644 24.1355724335
135166  -63.019  -26.996  5.655 20.5229740143
135171  -62.159  -25.746  4.578 22.7077884674
135177  -59.853  -24.935  2.904 24.7010211945
135178  -60.796  -24.679  3.017 24.1061725616
135179  -61.657  -24.379  3.124 23.2491569519
135180  -61.412  -23.621  2.441 22.2258548737
135181  -61.973  -23.875  2.810 21.9808177948
135182  -62.516  -24.101  3.160 22.0386009216
141389  -52.057  -24.248  0.410 34.6094055176
141390  -52.578  -23.618  0.347 36.5627403259
141391  -51.612  -23.924  0.347 37.2868423462
141392  -51.169  -23.604  0.358 39.8147621155
141393  -50.695  -23.314  0.449 42.2038612366
141394  -49.329  -24.330  0.788 40.4729843140
141395  -49.853  -23.681  0.759 42.4614868164
141396  -50.311  -23.062  0.692 44.4722442627
141397  -49.975  -22.937  1.078 46.5514526367
141398  -49.670  -22.870  1.544 48.4226531982
141399  -49.436  -22.839  2.059 50.3061676025
141400  -46.399  -26.189  2.477 39.5337333679
141401  -46.854  -25.617  2.456 41.5305671692
141402  -47.356  -25.024  2.471 43.5005416870
141403  -46.739  -25.608  3.499 45.2282981873
141404  -47.292  -25.016  2.999 45.2307319641
141405  -47.874  -24.456  2.506 45.3812675476
141406  -48.372  -23.910  2.548 47.2449302673
141407  -48.833  -23.426  2.572 49.2936248779
141408  -49.304  -22.893  2.563 52.2262306213
141409  -49.215  -23.022  3.082 54.1957778931
141410  -49.171  -23.153  3.639 56.1318206787
141411  -49.168  -23.243  4.225 58.0032882690
141412  -48.131  -24.341  4.764 55.5708389282
141413  -48.619  -23.850  4.860 57.7443847656
141414  -49.114  -23.400  4.934 59.8326835632
141415  -49.030  -23.442  5.566 61.6177482605
141416  -48.855  -23.416  6.135 61.5979042053
141417  -48.556  -23.316  6.630 60.0215454102
141418  -42.109  -29.899  6.941 34.6810989380
141419  -42.630  -29.442  6.878 37.2928161621
141420  -43.108  -28.993  6.891 39.8294982910
141421  -42.424  -29.228  8.044 40.1075706482
141422  -43.040  -28.908  7.473 41.6263580322
141423  -43.606  -28.549  6.853 42.2853202820
141424  -44.055  -28.118  6.846 44.6998748779
141425  -44.463  -27.675  6.869 47.0972976685
141426  -44.904  -27.158  6.912 49.4235305786
141427  -41.202  -28.253  9.988 37.4457435608
141428  -41.973  -28.028  9.591 40.4757118225
141429  -42.746  -27.796  9.119 42.4747352600
141430  -42.744  -27.038  9.438 42.5546646118
141431  -43.149  -27.316  9.101 43.7817955017
141432  -43.458  -27.589  8.624 44.9850273132
141433  -44.139  -27.356  8.129 48.0400428772
141434  -44.744  -27.040  7.560 50.8181228638
141435  -45.366  -26.679  6.950 51.4503440857
141436  -45.813  -26.221  7.005 53.4585266113
141437  -46.267  -25.754  7.083 55.4251899719
141438  -46.686  -25.240  7.075 56.3595161438
141439  -45.619  -25.386  8.058 54.4179115295
141440  -46.411  -25.072  7.583 57.0998001099
141441  -47.072  -24.719  7.079 57.3037605286
141442  -47.443  -24.204  7.080 58.3281669617
141443  -47.760  -23.700  7.049 58.4314193726
141444  -48.128  -23.169  6.992 58.3834190369
141445  -47.599  -22.997  7.290 56.6424446106
141446  -47.000  -22.793  7.501 53.1616058350
141447  -46.370  -22.562  7.590 45.8743476868
141448  -45.333  -23.387  8.009 42.6541290283
141449  -45.511  -22.916  7.729 40.5706481934
141450  -45.718  -22.427  7.486 38.3961410522
141451  -45.083  -22.354  7.270 30.6464691162
141452  -44.470  -22.343  6.934 23.2891349792
141454  -41.942  -24.623  8.312 21.3242111206
141840  -39.999  -34.100  6.433 21.6477031708
141870  -46.334  -28.995  1.665 21.3372974396
141876  -50.295  -27.568  1.441 21.5106410980
141877  -50.564  -27.046  1.222 23.5018177032
141878  -50.809  -26.510  1.012 25.5647258759
141879  -49.252  -26.680  0.879 28.2910594940
141880  -50.162  -26.329  0.827 28.1010761261
141881  -51.110  -25.948  0.852 27.7287597656
141882  -51.389  -25.404  0.686 30.0244865417
141883  -51.728  -24.823  0.545 32.3252296448
155174  -53.204  -22.954  0.318 38.3328590393
155175  -53.796  -22.411  0.295 39.8244781494
155176  -54.375  -21.848  0.346 40.8432350159
155177  -52.873  -21.810  0.342 45.2467498779
155178  -53.906  -21.505  0.316 44.0248565674
155179  -54.912  -21.312  0.414 41.8664245605
155180  -55.397  -20.888  0.504 42.6157264709
155181  -55.840  -20.415  0.614 41.9914894104
155182  -56.256  -19.951  0.769 41.5947418213
155183  -51.119  -21.225  1.543 54.5672798157
155184  -51.924  -20.731  1.099 54.2027015686
155185  -52.853  -20.390  0.864 53.4794960022
155186  -52.915  -19.781  1.381 55.8528175354
155187  -53.327  -19.888  0.980 53.3919219971
155188  -53.834  -20.072  0.727 50.9411125183
155189  -54.847  -19.826  0.699 47.9046020508
155190  -55.766  -19.676  0.791 44.6925468445
155191  -56.617  -19.499  0.947 41.3823585510
155192  -56.890  -19.046  1.197 40.8486747742
155193  -57.211  -18.595  1.403 40.3121147156
155194  -57.544  -18.173  1.605 39.8682899475
155195  -56.210  -18.137  1.583 46.1725273132
155196  -57.024  -17.955  1.669 42.8132362366
155197  -57.815  -17.770  1.801 39.4729270935
155198  -58.072  -17.371  1.969 38.6995201111
155199  -58.374  -16.958  2.083 37.8697433472
155200  -58.683  -16.535  2.158 37.0146713257
155201  -50.015  -21.819  6.050 64.1167602539
155202  -50.717  -21.393  5.605 64.7162704468
155203  -51.232  -20.852  5.113 64.7527236938
155204  -51.286  -20.294  5.581 64.3601608276
155205  -51.551  -20.354  5.143 64.3470077515
155206  -51.705  -20.313  4.637 64.3309173584
155207  -52.174  -19.759  4.164 64.1193084717
155208  -52.694  -19.234  3.718 62.6893348694
155209  -53.250  -18.703  3.290 60.4946594238
155210  -52.159  -18.171  5.418 60.9222145081
155211  -52.631  -18.289  5.143 61.6864013672
155212  -52.991  -18.359  4.788 62.3919410706
155213  -53.787  -17.397  4.468 62.1306457520
155214  -53.517  -17.883  4.424 62.5892410278
155215  -53.220  -18.388  4.374 63.0733337402
155216  -53.380  -18.375  3.866 61.7839241028
155217  -53.611  -18.293  3.375 60.1207275391
155218  -53.852  -18.231  2.925 58.4352302551
155219  -54.537  -17.824  2.663 56.6558609009
155220  -55.283  -17.451  2.446 54.5139694214
155221  -56.023  -17.114  2.295 51.0551795959
155222  -55.993  -16.701  2.665 51.9884643555
155223  -56.359  -16.774  2.421 49.4603805542
155224  -56.735  -16.859  2.232 46.8982124329
155225  -57.455  -16.640  2.229 43.0216712952
155226  -58.250  -16.360  2.201 39.4273452759
155227  -58.983  -16.103  2.229 36.0830764771
155228  -59.256  -15.664  2.314 34.1537208557
155229  -59.522  -15.143  2.265 31.6742553711
155230  -59.817  -14.566  2.143 29.0414848328
155231  -58.888  -14.709  2.389 34.2920036316
155232  -59.505  -14.351  2.211 30.1769504547
155233  -60.105  -14.026  1.963 26.3148155212
155234  -60.355  -13.550  1.718 22.9693698883
155237  -57.185  -14.187  2.565 39.1033706665
155238  -57.922  -13.721  2.299 34.3353576660
155239  -58.636  -13.260  2.058 29.4712409973
155240  -58.451  -12.425  1.791 26.8148765564
155241  -58.886  -12.636  1.834 25.7120094299
155242  -59.300  -12.847  1.841 24.8126449585
155243  -59.889  -12.462  1.569 20.4328231812
155282  -51.420  -14.025  1.829 30.6937637329
155283  -51.656  -13.489  1.363 28.1526145935
155284  -51.899  -12.965  0.921 25.3982162476
155285  -50.625  -13.870  0.793 22.0625133514
155286  -51.370  -13.097  0.697 22.9231529236
155287  -52.183  -12.361  0.500 22.6238250732
156418  -52.952  -31.277  5.775 20.7979907990
156424  -56.896  -30.001  5.848 27.4310817719
156425  -56.817  -30.477  6.056 26.5389842987
156426  -56.679  -30.992  6.311 24.8680496216
156427  -58.417  -30.883  6.554 24.2083911896
156428  -57.491  -31.175  6.537 23.6542930603
156429  -56.587  -31.497  6.572 23.0734386444
156430  -56.481  -31.961  6.877 21.3155956268
