#!ascii label  , from subject fsaverage vox2ras=TkReg
609
534  -51.685  -14.526  2.526 48.2695045471
535  -45.891  -20.496  -4.601 37.5977058411
810  -51.071  -7.222  -6.111 37.1414527893
1174  -46.199  -19.650  2.537 55.9547920227
1175  -48.548  -16.974  -0.628 61.9922904968
1176  -43.996  -23.743  -1.740 46.9419555664
2242  -58.145  -9.877  0.725 33.4280319214
2243  -53.669  -9.530  -0.883 53.9011535645
2244  -49.984  -12.342  -3.235 59.2703094482
2730  -49.661  -9.534  -7.845 38.0803680420
3093  -44.956  -20.705  4.286 42.4439659119
3094  -43.750  -22.893  1.969 49.0572891235
3095  -45.276  -21.973  0.324 57.3614692688
3096  -42.771  -24.875  -0.112 41.3849830627
4960  -51.146  -16.375  4.422 35.3277320862
4962  -54.107  -14.730  3.247 32.3998908997
4963  -57.186  -12.717  1.907 32.0845603943
4964  -55.030  -12.337  1.319 43.6916732788
4965  -56.063  -9.484  -0.088 42.6228675842
4966  -52.700  -12.275  0.670 56.5943336487
4967  -47.542  -18.956  -2.607 53.5501480103
4968  -49.329  -14.858  -1.969 63.6239662170
4969  -48.313  -16.916  -3.925 49.4416084290
4970  -48.792  -14.553  -5.196 48.1797790527
6721  -47.865  -18.267  4.596 41.8467102051
6722  -48.672  -16.673  2.915 51.8787231445
6723  -49.706  -15.109  1.221 59.4284591675
6724  -47.538  -18.488  0.889 60.1658592224
6725  -46.581  -20.685  -1.159 57.0857658386
6726  -45.011  -22.297  -3.228 43.6988868713
9289  -54.758  -6.606  -2.200 37.7354087830
9290  -50.626  -13.043  -0.328 65.2383575439
9291  -51.394  -10.423  -1.573 62.1968994141
9292  -52.319  -7.771  -2.975 46.1131362915
9293  -50.604  -9.884  -4.640 48.6580276489
9294  -49.206  -12.221  -6.535 43.2146797180
10410  -48.900  -10.597  -8.787 33.5741386414
10411  -49.966  -7.997  -8.391 34.8461570740
10412  -49.266  -9.108  -9.286 31.8996086121
10773  -42.903  -23.283  2.780 40.6174240112
10774  -42.554  -24.418  1.791 38.1169891357
10775  -43.323  -24.017  0.940 45.9461669922
10776  -41.968  -25.418  0.830 34.7237510681
12640  -51.302  -15.459  3.513 42.1187973022
12641  -52.634  -15.541  3.948 33.5734901428
12642  -52.851  -14.615  2.947 40.1935157776
12643  -54.479  -13.645  2.251 39.4790840149
12644  -53.316  -13.501  1.920 46.7518005371
12645  -53.811  -12.312  1.015 50.1041030884
12646  -52.212  -13.497  1.606 53.6167221069
12647  -46.754  -19.884  -3.620 46.2384834290
12648  -47.936  -17.989  -3.312 51.7212638855
12649  -47.143  -18.839  -4.289 43.5179443359
12650  -47.462  -17.795  -4.898 40.5435752869
12651  -46.215  -19.537  -5.251 34.2571182251
13950  -51.989  -5.989  -5.294 32.5739593506
15040  -45.559  -20.167  3.392 50.3035888672
15041  -46.307  -19.394  4.542 42.8240356445
15042  -46.782  -18.689  3.658 49.6947288513
15043  -48.291  -17.431  3.741 47.3420753479
15044  -47.377  -18.068  2.746 54.2388458252
15045  -48.008  -17.414  1.948 57.0037918091
15046  -46.897  -19.074  1.742 59.0736236572
15047  -44.714  -23.015  -0.706 53.6468734741
15048  -45.979  -21.341  -0.409 58.8087730408
15049  -45.316  -22.353  -1.488 54.7495880127
15050  -45.857  -21.565  -2.209 51.6418647766
15051  -44.479  -23.092  -2.527 46.6803703308
20650  -57.692  -11.304  1.348 35.0161819458
20657  -54.943  -9.401  -0.553 48.2645225525
20658  -56.692  -7.953  -0.641 36.6490364075
20659  -55.502  -7.926  -1.184 42.0391883850
20660  -56.037  -6.341  -1.763 33.3560028076
20661  -54.149  -8.075  -1.546 47.1700134277
20662  -48.967  -15.917  0.338 61.6181564331
20663  -50.179  -14.144  0.433 62.8837547302
20664  -49.421  -14.966  -0.374 64.0896530151
20665  -49.649  -13.703  -2.619 62.0342063904
20666  -50.230  -12.621  -1.694 64.8015060425
20667  -50.560  -11.378  -2.334 61.9596176147
20668  -51.825  -9.145  -2.209 55.4672317505
20669  -50.887  -10.089  -2.992 56.0790977478
20670  -51.320  -8.754  -3.723 48.0736846924
20671  -50.282  -11.181  -3.896 54.6886444092
20672  -47.951  -15.522  -6.151 38.9808959961
20673  -49.015  -13.391  -5.857 46.1604118347
20674  -48.151  -14.342  -6.775 37.5629615784
20675  -48.412  -13.126  -7.424 36.1112747192
23346  -50.352  -8.440  -6.969 39.5790061951
23347  -51.454  -5.618  -6.711 32.2091636658
23348  -50.658  -6.859  -7.499 35.2109184265
24000  -43.557  -22.165  3.953 37.4648475647
24001  -44.245  -21.711  3.094 47.5200080872
24002  -44.992  -21.324  2.249 54.0046844482
24003  -45.780  -20.826  1.460 58.0986404419
24004  -44.490  -22.540  1.113 54.4649848938
24005  -44.090  -23.513  0.099 51.4801750183
24006  -43.416  -24.358  -0.952 46.3604698181
27366  -55.655  -13.796  2.434 32.7418365479
27367  -56.142  -12.460  1.675 37.4354209900
27368  -56.659  -10.988  0.984 39.3125762939
27369  -57.119  -9.625  0.421 37.6622467041
27370  -55.551  -10.941  0.549 44.7920532227
27371  -54.329  -10.913  0.170 50.7717590332
27372  -53.180  -10.950  -0.137 56.8067092896
27373  -48.143  -17.976  -1.629 59.1277656555
27374  -48.971  -15.963  -1.346 63.2276458740
27375  -48.551  -17.002  -2.283 58.6272392273
27376  -48.928  -15.894  -2.922 57.5025138855
27377  -49.187  -14.832  -3.588 55.8616104126
27378  -49.454  -13.517  -4.205 54.0974578857
27379  -48.566  -15.802  -4.587 48.3779754639
27380  -47.710  -16.695  -5.566 39.4017372131
31041  -45.943  -20.180  5.374 34.3548088074
31042  -47.529  -19.125  5.418 33.7707862854
31043  -49.201  -18.204  5.328 33.3775520325
31044  -49.531  -17.277  4.573 38.9779853821
31045  -49.781  -16.363  3.756 44.9429473877
31046  -50.200  -15.499  2.853 50.5712661743
31047  -50.625  -14.553  1.994 55.2353210449
31048  -49.210  -15.896  2.057 55.6279296875
31049  -48.537  -16.718  1.113 58.8115158081
31050  -48.045  -17.728  0.139 60.2869834900
31051  -46.455  -20.270  0.664 60.2668457031
31052  -47.060  -19.644  -0.128 60.0129127502
31053  -47.628  -18.886  -0.888 59.1711120605
31054  -47.119  -19.885  -1.920 55.0299301147
31055  -46.329  -20.761  -2.932 48.6858482361
31056  -45.437  -21.519  -3.984 40.7539787292
38102  -57.650  -8.210  -0.174 32.0382537842
38108  -51.093  -13.659  1.116 59.3290481567
38109  -51.605  -12.518  0.277 61.7892227173
38110  -52.055  -11.256  -0.490 61.5491256714
38111  -49.843  -13.855  -1.066 65.6882324219
38112  -50.997  -11.793  -0.966 64.9246292114
38113  -52.444  -9.818  -1.109 58.4897575378
38114  -52.942  -8.456  -1.778 51.6999359131
38115  -53.490  -7.080  -2.509 42.0385360718
38116  -54.043  -5.644  -3.220 33.1905632019
38117  -52.787  -6.412  -3.733 37.1538352966
38118  -51.628  -7.491  -4.501 40.0453376770
38119  -50.863  -8.543  -5.423 42.4932479858
38120  -49.718  -12.314  -4.868 51.3354415894
38121  -49.967  -11.041  -5.580 47.2060432434
38122  -50.178  -9.705  -6.298 42.8619079590
38123  -49.507  -10.747  -7.179 40.1325721741
38124  -48.648  -11.884  -8.084 34.5183601379
38181  -41.748  -25.567  -1.182 35.5483207703
38182  -42.325  -24.979  -2.026 39.8114929199
38185  -42.889  -24.326  -2.825 39.0785408020
38186  -43.394  -23.624  -3.580 37.9733810425
38187  -43.896  -22.854  -4.310 34.5747489929
41131  -49.122  -9.818  -9.006 33.2839279175
41493  -42.107  -24.602  2.217 33.1113014221
41494  -41.923  -25.143  1.734 31.9038925171
41495  -42.294  -24.934  1.318 36.9250564575
43360  -51.479  -14.996  3.049 45.4000663757
43361  -52.082  -15.038  3.272 41.1013450623
43362  -52.239  -14.580  2.774 44.2661399841
43363  -53.073  -14.059  2.421 43.5396118164
43364  -52.490  -14.017  2.239 47.3591194153
43365  -52.756  -13.498  1.778 50.1974487305
43366  -51.930  -14.041  2.065 51.0935096741
43367  -46.342  -20.199  -4.083 41.9404716492
43368  -46.953  -19.369  -3.958 44.9055480957
43369  -46.528  -19.694  -4.435 40.4137191772
43370  -46.687  -19.202  -4.774 38.9433746338
43371  -46.065  -20.009  -4.922 35.8337631226
44670  -51.489  -6.678  -5.702 34.8473663330
44672  -51.704  -5.830  -6.021 32.2052116394
45760  -45.881  -19.919  2.962 54.0888328552
45761  -46.176  -19.430  3.531 50.4607315063
45762  -46.447  -19.114  3.092 52.7896270752
45763  -47.064  -18.389  3.200 52.0060386658
45764  -46.755  -18.823  2.635 54.7641754150
45765  -47.109  -18.545  2.240 56.6432495117
45766  -46.533  -19.388  2.125 57.5576438904
45767  -44.394  -23.394  -1.234 50.4960517883
45768  -45.009  -22.689  -1.110 54.2315254211
45769  -44.641  -23.095  -1.658 50.6612854004
45770  -44.910  -22.749  -2.022 50.7389411926
45771  -44.244  -23.434  -2.156 46.8962020874
51370  -57.932  -10.569  1.053 34.1748886108
51371  -58.405  -10.811  1.177 32.2233467102
51377  -54.317  -9.417  -0.763 51.0226783752
51378  -55.217  -8.674  -0.872 45.1616592407
51379  -54.582  -8.695  -1.082 47.7833442688
51380  -54.838  -7.939  -1.390 44.5059280396
51381  -53.907  -8.766  -1.218 50.5644226074
51382  -48.741  -16.429  -0.163 62.0253028870
51383  -49.204  -15.486  -0.061 63.0270462036
51384  -48.968  -16.003  -0.526 63.2275314331
51385  -49.817  -13.054  -2.935 60.8783836365
51386  -50.060  -12.567  -2.490 63.5046730042
51387  -50.209  -11.924  -2.808 61.6105270386
51388  -50.679  -10.753  -2.647 59.0148239136
51389  -50.384  -11.235  -3.096 58.6684150696
51390  -50.553  -10.614  -3.429 55.8410453796
51391  -50.131  -11.743  -3.539 56.9091796875
51392  -47.507  -15.960  -6.632 34.2925567627
51393  -48.046  -14.954  -6.470 38.2263145447
51394  -47.594  -15.420  -6.952 33.8179130554
51395  -47.716  -14.790  -7.251 33.4106025696
54270  -50.021  -8.995  -7.422 39.9024162292
54271  -50.548  -7.589  -7.224 37.5652885437
54272  -50.177  -8.205  -7.671 38.1276168823
54273  -50.099  -7.253  -8.685 32.9065933228
54274  -50.433  -6.623  -8.261 33.4833183289
55358  -43.229  -22.412  4.374 31.9116382599
55359  -42.840  -22.858  3.815 33.5614128113
55360  -43.344  -23.090  2.390 45.6886672974
55361  -43.568  -22.506  2.913 44.4401550293
55362  -43.969  -22.307  2.498 48.5782699585
55363  -44.618  -21.501  2.664 50.7910766602
55364  -44.368  -22.110  2.073 51.6888465881
55365  -44.726  -21.916  1.655 54.7551994324
55366  -44.139  -22.708  1.529 51.7467918396
55367  -43.048  -24.513  0.426 44.1287231445
55368  -43.690  -23.805  0.516 48.7119789124
55369  -43.424  -24.233  -0.017 46.7145195007
55370  -43.767  -24.001  -0.460 49.2712440491
55371  -43.089  -24.634  -0.549 43.8924980164
60960  -51.048  -16.880  4.814 32.1285896301
60963  -53.316  -15.124  3.646 32.8442077637
60969  -54.870  -14.267  2.832 32.2045440674
60970  -54.728  -13.016  1.769 41.7073745728
60971  -55.314  -13.058  1.921 38.3265686035
60972  -55.566  -12.391  1.534 40.4620475769
60973  -56.382  -11.765  1.337 39.6166381836
60974  -55.853  -11.676  1.129 42.5502738953
60975  -56.125  -10.941  0.799 41.9413986206
60976  -55.299  -11.643  0.936 45.4552192688
60977  -53.225  -12.293  0.839 53.3634223938
60978  -54.058  -11.627  0.573 51.2604484558
60979  -53.486  -11.620  0.417 54.3060607910
60980  -53.751  -10.906  0.014 53.7725791931
60981  -52.943  -11.659  0.270 57.3558692932
60982  -47.876  -18.487  -2.119 56.8520660400
60983  -48.346  -17.482  -1.964 58.9956054688
60984  -48.068  -18.000  -2.453 56.2265815735
60985  -48.137  -17.513  -3.629 50.6285476685
60986  -48.478  -16.948  -3.108 54.5373001099
60987  -48.645  -16.445  -3.406 53.5619010925
60988  -49.072  -15.372  -3.232 56.7567100525
60989  -48.792  -15.909  -3.737 52.6772651672
60990  -48.902  -15.332  -4.094 52.1273994446
60991  -48.463  -16.354  -4.268 48.5566673279
60992  -47.024  -18.117  -5.419 35.8488273621
60993  -47.602  -17.225  -5.243 39.5438537598
60994  -47.145  -17.596  -5.737 34.7938079834
60995  -47.280  -17.063  -6.023 34.6134948730
68160  -44.741  -21.020  4.734 37.0222549438
68161  -45.236  -20.733  5.299 32.8055076599
68162  -45.418  -20.364  4.855 38.3212509155
68163  -47.055  -18.786  4.589 42.9241333008
68164  -46.868  -19.221  5.008 38.4478950500
68165  -47.661  -18.654  4.993 38.4916725159
68166  -48.342  -18.642  5.367 34.0344467163
68167  -48.514  -18.201  4.979 37.5851135254
68168  -49.400  -17.745  4.962 36.0918807983
68169  -48.691  -17.766  4.609 40.4141578674
68170  -48.480  -17.065  3.341 49.8884048462
68171  -49.020  -16.868  3.764 46.0166130066
68172  -49.200  -16.452  3.350 48.4854202271
68173  -49.952  -15.898  3.334 47.7848014832
68174  -49.398  -16.062  2.910 50.8468513489
68175  -49.619  -15.625  2.491 53.1535301208
68176  -48.937  -16.301  2.475 53.7852172852
68177  -47.756  -17.926  1.435 58.5836563110
68178  -48.269  -17.081  1.542 57.9411354065
68179  -48.036  -17.592  1.002 59.1269607544
68180  -48.287  -17.197  0.603 59.5918235779
68181  -47.794  -18.129  0.498 60.3064422607
68182  -45.518  -21.412  0.889 58.4630546570
68183  -46.119  -20.570  1.066 59.1948928833
68184  -45.879  -21.161  0.481 59.5005340576
68185  -46.282  -21.018  -0.788 58.1301803589
68186  -46.550  -20.491  -0.260 60.3935394287
68187  -46.836  -20.180  -0.648 59.6153068542
68188  -47.359  -19.285  -0.496 59.5784683228
68189  -47.129  -19.807  -1.039 58.7488784790
68190  -47.393  -19.432  -1.419 57.9339561462
68191  -46.856  -20.285  -1.563 56.0185165405
68192  -45.432  -21.966  -2.706 47.6693840027
68193  -46.125  -21.194  -2.580 50.0922241211
68194  -45.690  -21.565  -3.093 46.1609115601
68195  -45.891  -21.153  -3.452 44.7283210754
68196  -45.203  -21.935  -3.621 42.2222099304
85012  -56.589  -9.555  0.163 40.0307846069
85013  -57.373  -8.921  0.101 34.8077545166
85014  -56.889  -8.842  -0.114 37.1021728516
85015  -56.951  -7.209  -0.939 32.9395370483
85022  -55.414  -6.415  -1.998 35.3852119446
85026  -55.065  -5.836  -2.540 33.2100524902
85027  -50.131  -14.811  1.616 57.3384628296
85028  -50.885  -14.137  1.525 57.4857559204
85029  -50.359  -14.376  1.184 59.4122352600
85030  -50.393  -13.600  0.043 64.0548477173
85031  -50.854  -13.287  0.382 62.2787895203
85032  -51.075  -12.745  -0.003 63.4956703186
85033  -51.801  -11.952  -0.062 62.2327728271
85034  -51.333  -12.131  -0.340 63.8980369568
85035  -49.165  -15.407  -1.675 63.4651184082
85036  -49.388  -14.903  -1.181 64.7866744995
85037  -49.563  -14.338  -1.505 65.4524765015
85038  -50.776  -11.499  -1.608 64.1960983276
85039  -50.576  -12.168  -1.306 65.1209945679
85040  -51.187  -11.120  -1.283 64.2534255981
85041  -51.679  -10.818  -1.013 62.5373191833
85042  -51.853  -10.079  -1.314 60.3216781616
85043  -52.690  -9.156  -1.467 55.1290206909
85044  -52.146  -9.422  -1.637 57.0513687134
85045  -52.061  -8.434  -2.565 50.9398078918
85046  -52.616  -8.107  -2.314 49.1159553528
85047  -52.903  -7.396  -2.712 44.2610893250
85048  -53.786  -6.364  -2.905 37.3397865295
85049  -53.156  -6.677  -3.070 39.5413703918
85050  -53.413  -5.998  -3.433 35.3316574097
85051  -52.552  -7.108  -3.337 41.3757324219
85052  -50.929  -9.382  -4.188 48.5460739136
85053  -51.495  -8.128  -4.121 43.8959159851
85054  -51.094  -8.671  -4.568 44.7776451111
85055  -51.250  -7.968  -4.961 41.3431739807
85056  -50.731  -9.210  -5.050 45.4230537415
85057  -49.153  -14.047  -4.709 51.1676635742
85058  -49.590  -12.906  -4.535 52.6876373291
85059  -49.267  -13.433  -5.039 50.0326881409
85060  -49.099  -12.799  -6.177 45.0246467590
85061  -49.509  -12.243  -5.703 47.7715415955
85062  -49.613  -11.627  -6.036 45.8239212036
85063  -50.076  -10.429  -5.933 44.8924407959
85064  -49.737  -10.978  -6.403 44.0545883179
85065  -49.845  -10.239  -6.743 42.5338516235
85066  -49.349  -11.520  -6.859 41.5738258362
85067  -47.976  -13.595  -7.884 32.4467163086
85068  -48.512  -12.563  -7.746 35.2651977539
85069  -48.096  -13.021  -8.180 31.7830982208
85212  -41.187  -25.698  -1.640 32.0668182373
85213  -42.058  -25.281  -1.603 37.7306823730
85214  -41.487  -25.433  -2.066 33.9950866699
85221  -42.052  -24.779  -2.879 35.2597579956
85222  -42.290  -24.459  -3.262 34.7499198914
85223  -43.133  -23.997  -3.189 38.6474571228
85224  -42.527  -24.128  -3.641 34.2135696411
85228  -44.121  -22.433  -4.663 32.8558921814
92466  -49.282  -10.054  -8.324 36.1420478821
92467  -49.805  -8.795  -8.097 36.8556404114
92468  -49.465  -9.296  -8.571 35.4782562256
92469  -49.621  -8.557  -8.841 33.7991561890
92470  -49.725  -7.864  -9.147 32.1692352295
93119  -42.525  -23.439  3.221 35.2890968323
93120  -42.294  -24.023  2.702 34.4154243469
93121  -42.713  -23.908  2.275 39.3559875488
93122  -43.161  -23.656  1.881 44.3585700989
93123  -43.567  -23.457  1.452 47.4686203003
93124  -42.983  -24.212  1.357 43.1448478699
93125  -42.672  -24.758  0.869 41.4910697937
93126  -42.382  -25.137  0.354 38.8040122986
96480  -51.204  -15.910  3.972 38.6950607300
96481  -51.913  -15.967  4.213 34.0283966064
96482  -51.970  -15.492  3.758 37.5652847290
96483  -52.709  -15.070  3.468 36.8516998291
96484  -53.514  -14.660  3.117 36.2356719971
96485  -54.291  -14.209  2.738 35.9110298157
96486  -53.683  -14.134  2.593 39.6930847168
96487  -53.897  -13.548  2.083 43.1822128296
96488  -54.148  -12.982  1.600 45.0886688232
96489  -54.423  -12.325  1.174 46.9002037048
96490  -53.574  -12.942  1.467 48.4332389832
96491  -53.021  -12.926  1.331 51.7794799805
96492  -52.449  -12.912  1.123 55.0977592468
96493  -47.161  -19.449  -3.118 50.2306671143
96494  -47.740  -18.483  -2.969 52.7112693787
96495  -47.362  -18.983  -3.491 49.1915740967
96496  -47.554  -18.454  -3.812 48.0098915100
96497  -47.746  -17.898  -4.132 46.6738433838
96498  -47.923  -17.346  -4.441 45.2087287903
96499  -47.291  -18.324  -4.626 42.0613403320
96500  -46.836  -18.703  -5.100 37.4232749939
96501  -46.399  -19.002  -5.572 32.7585487366
100800  -45.216  -20.423  3.836 46.4281539917
100801  -45.623  -20.044  4.415 42.4597854614
100802  -45.849  -19.710  3.968 46.5053558350
100803  -46.559  -19.053  4.087 46.9515419006
100804  -47.282  -18.408  4.170 46.0550613403
100805  -48.073  -17.838  4.187 44.6029167175
100806  -47.511  -18.057  3.718 48.7386398315
100807  -47.708  -17.695  3.293 51.3660316467
100808  -48.058  -17.348  2.867 53.6474609375
100809  -48.305  -16.989  2.432 55.2127838135
100810  -47.715  -17.729  2.359 55.9829635620
100811  -47.485  -18.188  1.868 57.9557647705
100812  -47.227  -18.797  1.314 59.9369506836
100813  -45.022  -22.498  -0.201 55.5067749023
100814  -45.657  -21.686  -0.048 58.1109809875
100815  -45.347  -22.225  -0.568 56.1632575989
100816  -45.673  -21.876  -0.946 56.8022346497
100817  -45.967  -21.516  -1.328 55.7938919067
100818  -46.281  -21.111  -1.730 54.5567855835
100819  -45.599  -21.966  -1.868 53.2065086365
100820  -45.159  -22.377  -2.363 49.1920471191
100821  -44.756  -22.694  -2.862 45.1777763367
110898  -57.470  -12.014  1.601 34.3641586304
110899  -57.992  -12.213  1.716 31.8398151398
110900  -58.203  -11.518  1.459 33.1242523193
110911  -55.524  -9.416  -0.324 45.4173927307
110912  -56.387  -8.714  -0.363 39.6223068237
110913  -55.819  -8.680  -0.623 42.3732528687
110914  -56.113  -7.928  -0.927 39.3709106445
110915  -56.414  -7.144  -1.206 35.4102554321
110917  -55.798  -7.144  -1.471 37.7550582886
110918  -55.082  -7.212  -1.712 39.9919548035
110919  -54.404  -7.369  -1.889 42.4953308105
110920  -49.319  -15.476  0.797 61.1969375610
110921  -49.952  -14.655  0.864 61.3409957886
110922  -49.517  -15.032  0.409 62.8073883057
110923  -49.743  -14.503  0.068 64.0519332886
110924  -49.977  -14.007  -0.342 64.9759521484
110925  -49.517  -14.259  -2.280 63.1820259094
110926  -49.715  -13.785  -1.806 65.4192810059
110927  -49.925  -13.134  -2.140 64.4757766724
110928  -50.405  -11.957  -1.992 63.8569717407
110929  -50.968  -10.844  -1.908 62.1084175110
110930  -51.596  -9.796  -1.868 58.8465614319
110931  -51.124  -10.250  -2.202 58.9380493164
110932  -51.324  -9.583  -2.566 55.7832412720
110933  -51.521  -8.917  -2.933 51.6452293396
110934  -51.776  -8.226  -3.309 47.0956344604
110935  -51.111  -9.422  -3.347 52.3139266968
110936  -50.761  -9.993  -3.805 52.4320144653
110937  -50.449  -10.560  -4.265 52.0007095337
110938  -48.394  -15.009  -5.670 43.7474327087
110939  -48.901  -13.932  -5.517 47.2970466614
110940  -48.489  -14.447  -5.993 42.7884292603
110941  -48.582  -13.861  -6.297 41.8829612732
110942  -48.685  -13.286  -6.648 41.0740203857
110943  -48.815  -12.636  -6.981 39.7073249817
110944  -48.280  -13.712  -7.107 37.0027389526
110945  -47.880  -14.169  -7.559 33.0671119690
115914  -50.701  -7.794  -6.531 38.6282310486
115915  -51.266  -6.391  -6.417 34.6917419434
115916  -50.907  -6.977  -6.786 36.2895736694
115917  -51.066  -6.190  -7.056 33.8499221802
115919  -50.299  -7.449  -7.944 35.7729454041
115920  -50.732  -6.147  -7.779 32.8466148376
117439  -44.009  -21.688  4.572 35.4077911377
117440  -44.282  -21.423  4.141 41.4804878235
117441  -43.186  -22.700  3.352 39.0089683533
117442  -43.859  -21.925  3.519 43.0061683655
117443  -44.564  -21.174  3.697 46.5109329224
117444  -44.927  -20.891  3.248 49.9081459045
117445  -45.273  -20.720  2.825 53.2737693787
117446  -45.620  -20.513  2.406 56.5709457397
117447  -45.989  -20.254  1.998 57.7425346375
117448  -45.370  -21.093  1.836 56.9879570007
117449  -45.124  -21.687  1.272 57.3992691040
117450  -44.889  -22.269  0.717 56.5879440308
117451  -43.922  -23.286  1.032 50.2106323242
117452  -44.298  -23.058  0.601 52.9593086243
117453  -44.683  -22.770  0.198 54.8076477051
117454  -44.398  -23.265  -0.325 53.0306320190
117455  -44.086  -23.698  -0.831 50.2557296753
117456  -43.760  -24.045  -1.325 46.9299659729
125294  -56.431  -13.253  2.154 32.5173950195
125295  -55.055  -13.693  2.341 35.8285026550
125296  -55.916  -13.108  2.024 35.2645072937
125297  -56.676  -12.566  1.796 34.7181015015
125298  -56.908  -11.881  1.496 36.9585266113
125299  -57.182  -11.121  1.196 37.0870170593
125300  -57.419  -10.401  0.862 36.2861175537
125301  -57.650  -9.700  0.569 35.5417366028
125302  -56.900  -10.308  0.695 38.5382080078
125303  -56.344  -10.254  0.491 41.2236404419
125304  -55.778  -10.193  0.195 44.1219406128
125305  -54.684  -11.649  0.747 48.3211174011
125306  -54.936  -10.936  0.343 47.7486152649
125307  -55.215  -10.166  -0.027 47.1697463989
125308  -54.637  -10.126  -0.231 50.2285804749
125309  -54.029  -10.137  -0.401 53.2132148743
125310  -53.428  -10.198  -0.561 56.2485160828
125311  -48.353  -17.499  -1.115 60.5894584656
125312  -48.772  -16.529  -0.980 62.7725944519
125313  -48.574  -16.971  -1.484 60.9169883728
125314  -48.765  -16.453  -1.811 60.9672012329
125315  -48.944  -15.925  -2.139 60.8281173706
125316  -48.277  -17.475  -2.793 55.4325027466
125317  -48.723  -16.437  -2.618 58.1201400757
125318  -49.135  -15.348  -2.442 60.5956649780
125319  -49.310  -14.798  -2.751 60.0026741028
125320  -49.440  -14.271  -3.053 59.0190124512
125321  -49.575  -13.587  -3.398 58.0311126709
125322  -49.712  -12.955  -3.703 56.8035850525
125323  -49.301  -14.186  -3.898 55.0249595642
125324  -49.051  -14.672  -4.392 51.6967811584
125325  -48.695  -15.177  -4.885 48.3145751953
125326  -48.041  -16.820  -4.747 44.2396926880
125327  -48.166  -16.269  -5.077 44.1362152100
125328  -48.283  -15.642  -5.363 44.0073051453
125329  -47.844  -16.090  -5.836 39.2332534790
125330  -47.406  -16.518  -6.308 34.4474182129
134724  -46.117  -19.776  4.958 38.6384277344
134725  -46.674  -19.637  5.437 33.9190330505
134730  -50.092  -17.808  5.273 31.7378749847
134731  -50.248  -17.282  4.913 34.2762718201
134732  -50.357  -16.806  4.524 36.9749298096
134733  -48.879  -17.317  4.176 43.2438888550
134734  -49.649  -16.802  4.194 41.9506530762
134735  -50.439  -16.343  4.119 40.2171592712
134736  -50.488  -15.906  3.672 43.4091567993
134737  -50.741  -15.448  3.214 46.6356430054
134738  -50.963  -14.985  2.723 49.5861587524
134739  -51.162  -14.516  2.267 52.1768722534
134740  -50.398  -15.046  2.409 53.0060501099
134741  -49.899  -15.218  2.054 55.2722396851
134742  -49.458  -15.516  1.642 57.5196723938
134743  -48.570  -16.626  2.017 56.6749153137
134744  -48.845  -16.276  1.604 58.0007286072
134745  -49.073  -15.869  1.178 59.5812187195
134746  -48.773  -16.325  0.728 60.2010383606
134747  -48.522  -16.815  0.262 60.8091773987
134748  -48.315  -17.321  -0.239 61.1687660217
134749  -46.334  -19.972  1.622 58.8893623352
134750  -46.675  -19.694  1.212 60.0175895691
134751  -46.996  -19.384  0.793 60.3935394287
134752  -46.229  -20.819  0.122 60.5201263428
134753  -46.771  -19.953  0.285 60.4079284668
134754  -47.277  -19.087  0.397 60.1999053955
134755  -47.554  -18.696  0.015 59.9659194946
134756  -47.841  -18.308  -0.358 59.7484931946
134757  -48.114  -17.866  -0.757 60.1980171204
134758  -47.885  -18.511  -1.260 59.1818962097
134759  -47.638  -19.002  -1.769 57.4142837524
134760  -47.329  -19.451  -2.270 54.3122787476
134761  -46.523  -20.744  -2.071 53.2705078125
134762  -46.743  -20.338  -2.424 52.0982360840
134763  -46.951  -19.901  -2.766 51.1881484985
134764  -46.535  -20.343  -3.286 47.4937820435
134765  -46.116  -20.705  -3.793 43.3623275757
134766  -45.676  -20.996  -4.280 39.2165222168
155264  -57.857  -9.032  0.293 32.8223724365
155267  -57.201  -8.053  -0.379 34.2137145996
155282  -51.420  -14.025  1.829 54.7766609192
155283  -51.656  -13.489  1.363 56.9863090515
155284  -51.899  -12.965  0.921 58.3714561462
155285  -50.625  -13.870  0.793 61.0876693726
155286  -51.370  -13.097  0.697 60.5440788269
155287  -52.183  -12.361  0.500 59.7977600098
155288  -52.390  -11.762  0.116 60.4253463745
155289  -52.608  -11.075  -0.305 59.8715934753
155290  -52.837  -10.343  -0.706 59.2262954712
155291  -49.181  -15.489  -0.871 64.1117095947
155292  -49.634  -14.456  -0.757 64.8901977539
155293  -50.181  -13.451  -0.690 65.9044876099
155294  -49.998  -13.235  -1.370 65.7212295532
155295  -50.409  -12.822  -0.991 66.0202636719
155296  -50.869  -12.448  -0.650 65.6014862061
155297  -51.520  -11.498  -0.689 63.2161064148
155298  -52.249  -10.573  -0.809 60.8717689514
155299  -53.038  -9.665  -0.977 56.7394409180
155300  -53.237  -8.982  -1.319 53.2465095520
155301  -53.489  -8.287  -1.669 49.7385101318
155302  -53.763  -7.565  -1.986 44.9449348450
155303  -52.358  -8.783  -1.949 53.7154617310
155304  -53.175  -7.819  -2.120 46.9562568665
155305  -54.104  -6.831  -2.350 40.0513458252
155306  -54.418  -6.085  -2.727 35.3734436035
155311  -52.977  -5.727  -4.117 32.9888305664
155312  -51.983  -7.568  -3.710 42.6127624512
155313  -52.174  -6.909  -4.101 38.6045455933
155314  -52.339  -6.271  -4.488 34.6127967834
155315  -51.824  -6.768  -4.899 36.2331657410
155316  -51.400  -7.267  -5.334 38.0635299683
155317  -50.984  -7.873  -5.776 39.7791557312
155318  -49.870  -12.306  -4.015 55.0281715393
155319  -49.999  -11.739  -4.369 53.4147834778
155320  -50.149  -11.097  -4.729 51.4364891052
155321  -49.405  -12.878  -5.374 48.9573135376
155322  -49.876  -11.676  -5.235 49.6964683533
155323  -50.296  -10.439  -5.116 48.4849319458
155324  -50.359  -9.840  -5.517 45.6094474792
155325  -50.510  -9.136  -5.862 43.0507164001
155326  -50.612  -8.429  -6.207 40.7838020325
155327  -50.276  -9.018  -6.637 41.1618194580
155328  -49.956  -9.560  -7.073 41.2328224182
155329  -49.588  -10.129  -7.515 39.0263824463
155330  -48.935  -12.050  -7.299 38.4948120117
155331  -49.075  -11.349  -7.621 37.4562988281
155332  -49.176  -10.710  -7.964 36.7206001282
155333  -48.761  -11.244  -8.446 33.9801673889
155499  -41.608  -25.774  0.222 32.3618202209
155500  -41.951  -25.523  -0.228 36.0799560547
155502  -41.422  -25.832  -0.763 33.2745437622
155503  -42.275  -25.315  -0.691 38.5874404907
155504  -42.596  -25.041  -1.108 40.9933586121
155505  -42.896  -24.718  -1.518 43.3899688721
155506  -43.205  -24.433  -1.890 43.5220565796
155513  -41.756  -25.117  -2.480 35.7632865906
155514  -42.634  -24.669  -2.443 39.5045547485
155515  -43.458  -24.092  -2.303 43.3232002258
155516  -43.699  -23.769  -2.701 43.0641403198
155517  -43.965  -23.409  -3.053 42.5393562317
155518  -44.211  -23.013  -3.411 40.9677391052
155519  -42.725  -23.808  -4.062 33.3995056152
155520  -43.623  -23.248  -3.939 36.2926559448
155521  -44.428  -22.657  -3.792 39.3621101379
155522  -44.679  -22.236  -4.168 37.7530593872
155523  -44.923  -21.761  -4.489 36.0895576477
155524  -45.119  -21.303  -4.824 34.3483581543
155551  -45.316  -20.831  -5.154 32.5750656128
