#!ascii label  , from subject fsaverage vox2ras=TkReg
1459
124  -59.459  -8.716  -2.792 89.1631088257
129  -62.153  -34.700  4.975 69.9850692749
531  -64.332  -20.667  0.362 89.1551589966
532  -57.988  -16.019  -4.194 66.8985671997
533  -59.412  -16.288  2.185 91.5520172119
549  -58.573  -29.969  -0.131 64.3076782227
1169  -60.860  -21.626  1.374 63.0645637512
1170  -62.616  -17.842  1.402 92.2632675171
1213  -64.950  -24.038  2.916 67.4332504272
1232  -56.758  -37.683  5.310 73.6220932007
1234  -55.302  -35.234  1.994 72.1528701782
1236  -60.790  -32.199  1.864 84.1955871582
1350  -58.889  -13.034  -4.322 77.3727493286
1676  -58.169  -41.638  7.114 60.5714607239
1747  -55.664  -6.832  -7.546 66.2399215698
2235  -59.996  -22.514  -2.234 89.0760040283
2236  -55.516  -19.960  -3.652 66.0610580444
2237  -61.921  -18.220  -1.510 103.1162796021
2238  -62.411  -14.735  -0.241 97.4687271118
2239  -60.917  -12.298  0.647 81.3793106079
2241  -56.187  -15.174  3.125 70.0671005249
2242  -58.145  -9.877  0.725 62.9057807922
2287  -64.962  -28.412  2.079 65.4545898438
2288  -63.077  -25.455  -1.062 75.5002288818
3152  -59.510  -36.185  5.172 75.3485107422
3153  -56.095  -36.277  3.687 75.9340972900
3154  -58.758  -34.668  3.405 82.2527160645
3155  -57.976  -33.656  1.852 83.8363952637
3156  -61.452  -33.399  3.271 76.9111404419
3270  -58.742  -11.246  -3.462 91.2607574463
3271  -56.431  -12.648  -6.228 63.4121437073
3272  -56.567  -10.439  -5.330 77.4272613525
3755  -60.418  -39.967  6.922 61.1194076538
4949  -62.999  -21.512  -1.250 93.0490036011
4950  -61.034  -20.328  -1.797 110.9940185547
4951  -63.302  -19.381  -0.886 101.4003143311
4952  -61.077  -17.137  2.089 90.6071090698
4953  -62.841  -16.383  1.042 102.4643173218
4954  -61.694  -15.261  1.681 98.5882263184
4955  -61.746  -13.480  0.125 92.8669586182
4956  -60.407  -14.300  1.930 92.6772079468
4963  -57.186  -12.717  1.907 64.8633651733
5080  -64.877  -22.322  1.364 81.1422424316
5081  -65.214  -24.576  0.801 75.7138824463
5082  -64.061  -22.967  -0.601 82.3125991821
5083  -61.302  -23.897  -2.080 79.0132598877
5490  -56.732  -17.957  -3.655 70.5307388306
6713  -63.612  -20.704  1.629 82.3342056274
6714  -63.678  -18.979  0.706 94.7043228149
6715  -62.112  -19.528  1.457 78.6656951904
6716  -60.276  -18.732  1.592 71.9285354614
6717  -58.327  -17.980  1.767 70.9909744263
6793  -63.233  -22.554  2.328 71.1359710693
6826  -54.164  -39.299  5.245 65.8303451538
6828  -53.467  -37.831  4.085 67.3752517700
6829  -52.831  -36.891  2.491 62.4778823853
6832  -54.299  -34.072  0.809 61.3809051514
6833  -57.009  -32.616  0.819 71.9081192017
6834  -59.821  -31.185  0.925 73.6282730103
7038  -58.872  -14.408  -4.687 69.8416748047
7752  -55.059  -41.207  5.988 59.9838905334
7753  -57.331  -39.619  6.063 69.7660980225
7754  -60.044  -38.111  6.155 69.7942581177
7755  -62.720  -36.639  6.118 66.2465209961
7914  -59.699  -6.643  -2.354 75.4917678833
7915  -57.892  -7.711  -4.941 82.8444290161
7916  -58.889  -5.426  -4.642 73.3727416992
7917  -57.040  -4.557  -7.528 66.5363006592
9267  -56.489  -23.329  -2.985 61.5154228210
9269  -57.735  -21.290  -2.655 86.3272552490
9270  -58.896  -19.108  -2.345 98.1381454468
9271  -60.083  -17.224  -2.275 88.5959014893
9272  -63.337  -17.719  -0.113 102.9631271362
9273  -62.444  -16.424  -0.935 100.3036956787
9274  -60.871  -15.056  -2.469 83.9948883057
9275  -61.046  -13.580  -2.540 85.4076080322
9276  -60.745  -12.346  -1.956 88.9109878540
9277  -60.339  -10.664  -1.108 83.4583892822
9280  -56.435  -17.220  2.093 72.8758544922
9282  -54.967  -17.062  3.299 64.0903244019
9283  -57.792  -15.627  2.491 85.4282531738
9284  -59.023  -13.465  2.070 79.7514190674
9285  -59.813  -10.992  0.952 73.7898483276
9286  -59.967  -8.674  -0.553 77.0249862671
9421  -63.652  -31.727  3.018 65.3621139526
9422  -63.204  -30.601  1.704 74.3001861572
9423  -62.353  -29.197  0.569 77.6075744629
9424  -65.663  -26.110  2.613 63.8812408447
9425  -64.397  -26.981  0.519 74.4936752319
9426  -61.129  -27.643  -0.580 72.0139541626
9427  -59.433  -26.319  -1.818 64.3665008545
9428  -57.889  -24.895  -2.559 62.8044128418
10832  -60.889  -35.424  5.132 73.7586441040
10833  -59.172  -35.281  4.390 78.3481369019
10834  -60.480  -34.563  4.208 78.2573852539
10835  -60.081  -34.038  3.315 83.0791320801
10836  -61.782  -33.967  4.163 73.5730285645
10950  -59.075  -10.041  -3.107 91.0067138672
10951  -57.642  -10.899  -4.290 85.7611618042
10952  -58.162  -9.559  -4.021 88.7826690674
12629  -63.935  -20.979  -0.527 92.1550445557
12630  -63.171  -20.461  -1.100 98.4546127319
12631  -63.905  -20.023  -0.296 95.6548767090
12632  -60.259  -16.683  2.199 90.6683654785
12633  -61.452  -16.213  1.992 98.2904968262
12634  -60.660  -15.742  2.086 96.0457229614
12635  -61.117  -14.752  1.837 95.9695281982
12636  -59.898  -15.365  2.212 93.5251159668
12760  -64.669  -21.525  0.781 84.1347503662
12761  -64.804  -22.565  0.431 82.0734634399
12762  -64.369  -21.796  -0.109 87.2635879517
12763  -63.488  -22.234  -1.002 87.7482299805
12827  -57.043  -30.965  -0.197 60.8733100891
12831  -57.931  -29.268  -0.629 60.4873237610
13170  -57.349  -16.962  -3.905 69.3460388184
15029  -62.368  -21.065  1.675 75.1909179688
15030  -62.860  -20.067  1.529 82.1502151489
15031  -61.570  -20.505  1.411 70.6110763550
15033  -59.690  -19.672  1.268 62.8878479004
15034  -58.734  -19.280  1.287 59.6482200623
15035  -59.317  -18.373  1.660 68.2929916382
15036  -57.703  -18.844  1.368 60.4640426636
15161  -61.705  -23.016  2.221 60.4261512756
15162  -62.127  -22.013  1.902 67.2916717529
15163  -63.520  -21.583  1.923 76.0213317871
15217  -55.370  -38.483  5.298 70.9940032959
15218  -53.725  -38.527  4.718 68.3077774048
15219  -55.038  -37.681  4.683 72.7358856201
15220  -55.763  -35.864  2.776 75.5507812500
15221  -54.449  -36.640  3.052 70.9829788208
15222  -54.055  -36.108  2.246 66.8131408691
15224  -53.546  -35.479  1.507 62.6000061035
15226  -54.773  -34.682  1.369 68.1302261353
15227  -59.409  -32.955  1.827 86.0986557007
15228  -57.508  -33.040  1.309 79.1965942383
15229  -59.040  -32.314  1.414 80.5337371826
15230  -58.443  -31.886  0.908 73.5021591187
15231  -60.453  -31.616  1.441 78.6894836426
15570  -58.999  -13.710  -4.708 73.1534347534
15571  -57.584  -14.218  -5.806 62.5616302490
15572  -57.749  -13.567  -5.782 66.4883422852
17024  -56.592  -41.504  6.415 63.4158706665
17025  -56.171  -40.435  5.985 66.1704254150
17026  -57.756  -40.667  6.499 68.3657684326
17028  -60.234  -39.049  6.481 65.4805984497
17029  -61.530  -38.352  6.503 63.8507003784
17030  -61.330  -37.373  6.047 68.5149459839
17031  -62.867  -37.683  6.521 61.8892478943
17370  -59.466  -5.743  -2.276 65.2384643555
17371  -59.426  -5.936  -3.471 73.9034652710
17372  -59.385  -4.992  -3.316 65.9476318359
17374  -58.466  -3.925  -5.973 66.6401672363
17375  -57.581  -3.512  -7.502 63.3810501099
20609  -58.275  -22.963  -2.579 76.4192810059
20610  -57.069  -22.350  -2.837 73.3238830566
20611  -58.821  -21.912  -2.344 91.8487396240
20612  -61.487  -19.213  -1.661 108.5258712769
20613  -59.943  -19.731  -2.035 105.7046737671
20614  -60.540  -18.688  -1.925 102.8692703247
20615  -59.482  -18.180  -2.244 94.3945922852
20616  -61.089  -17.772  -1.788 97.6023941040
20617  -63.132  -18.353  1.013 92.8197937012
20618  -63.545  -18.288  0.252 98.0000228882
20619  -63.221  -17.684  0.687 98.4837570190
20620  -62.716  -15.562  0.497 100.5116500854
20621  -62.938  -16.281  0.011 102.5644149780
20622  -62.547  -15.538  -0.546 99.9478149414
20623  -61.663  -15.749  -1.545 94.0359039307
20624  -61.883  -14.870  -1.348 91.9569168091
20625  -61.075  -14.315  -2.490 83.9626159668
20626  -61.813  -14.058  -1.302 90.3863067627
20627  -61.359  -12.942  0.387 87.0796890259
20628  -61.374  -12.813  -0.945 89.3513259888
20629  -61.058  -12.205  -0.617 85.2117614746
20630  -60.495  -11.630  -1.570 84.9859924316
20631  -60.774  -11.517  -0.172 81.2374649048
20638  -55.736  -17.955  1.735 62.7386665344
20639  -54.911  -17.818  2.292 62.5009155273
20645  -55.630  -16.145  3.317 68.1162414551
20646  -56.359  -16.288  2.755 75.9022216797
20647  -57.079  -15.360  2.765 78.9440460205
20648  -58.467  -14.580  2.432 83.1877899170
20649  -57.645  -14.304  2.529 75.8251571655
20650  -57.692  -11.304  1.348 63.2965316772
20651  -58.695  -11.747  1.544 68.2945327759
20652  -59.041  -10.405  0.938 70.1487045288
20653  -59.910  -9.875  0.221 75.0524368286
20654  -59.291  -9.122  0.250 70.6851882935
20655  -59.495  -7.933  -0.509 69.0593414307
20656  -58.551  -8.530  0.099 61.3551521301
20993  -63.814  -32.263  3.770 59.6430168152
20995  -65.016  -29.048  2.797 60.1008338928
20996  -64.387  -30.199  2.412 66.1780395508
20997  -64.164  -29.625  1.705 70.3705596924
20998  -62.817  -29.925  1.130 75.3260955811
20999  -63.930  -28.925  1.173 75.7814483643
21002  -65.474  -24.976  2.851 63.5467033386
21003  -64.351  -24.956  -0.245 77.0193939209
21004  -64.968  -25.791  0.538 73.9665756226
21005  -63.792  -26.239  -0.293 77.8349456787
21006  -62.975  -27.286  -0.175 76.0462875366
21007  -62.155  -26.558  -0.853 73.7793960571
21008  -60.309  -26.963  -1.179 67.3587493896
21009  -61.315  -25.867  -1.560 70.2936172485
21010  -60.577  -23.142  -2.258 83.4624252319
21011  -59.550  -24.415  -2.373 72.4269638062
21012  -58.835  -23.668  -2.531 74.2050094604
21013  -57.106  -24.101  -2.777 62.8439369202
22230  -54.933  -21.002  -3.692 59.7169647217
22253  -56.778  -7.201  -6.151 75.6244659424
22254  -55.972  -8.596  -6.231 72.2711029053
22255  -54.973  -8.125  -7.585 61.8552055359
24106  -58.070  -36.934  5.233 75.0223846436
24107  -56.424  -36.855  4.570 75.1703338623
24108  -57.757  -36.087  4.507 77.0972976685
24109  -57.423  -35.487  3.579 79.6632461548
24110  -57.102  -35.008  2.687 79.9650192261
24111  -56.656  -34.436  1.918 78.7192382812
24112  -58.378  -34.185  2.576 83.2014007568
24113  -59.787  -33.575  2.485 84.3790283203
24114  -61.046  -32.851  2.469 80.3523330688
24318  -58.785  -12.224  -3.859 83.6776885986
24319  -57.669  -12.942  -5.297 71.1661376953
24320  -57.544  -12.026  -4.745 77.7339859009
24321  -56.411  -11.710  -5.695 69.9535217285
24322  -55.243  -11.210  -6.712 61.4746818542
25191  -59.236  -40.796  7.071 61.8442878723
27341  -61.587  -22.026  -1.809 93.8358230591
27342  -60.488  -21.462  -1.987 101.4956512451
27343  -62.012  -20.964  -1.591 101.6617126465
27344  -62.352  -19.844  -1.452 105.8754272461
27345  -62.701  -18.704  -1.238 106.1158218384
27346  -61.888  -17.443  1.755 91.6625213623
27347  -62.702  -17.120  1.230 99.8745956421
27348  -62.148  -16.663  1.685 100.1354293823
27349  -62.331  -15.831  1.403 100.0169067383
27350  -62.374  -14.886  0.821 99.5703506470
27351  -62.125  -14.077  -0.044 95.5399017334
27352  -61.906  -14.285  1.019 98.2442398071
27353  -61.318  -13.779  1.201 92.9029312134
27354  -60.834  -13.240  1.322 87.2734756470
27364  -55.260  -14.887  3.296 59.6562461853
27365  -56.720  -14.051  2.592 67.3755340576
27576  -64.978  -23.187  2.059 76.5557022095
27577  -65.407  -24.195  1.931 71.6843872070
27578  -65.155  -23.386  1.101 78.0869293213
27579  -64.641  -23.731  -0.027 78.7994613647
27580  -63.581  -24.153  -1.010 78.2116699219
27581  -62.090  -24.690  -1.664 75.5992507935
27582  -62.836  -23.426  -1.481 82.4786758423
27583  -62.168  -22.703  -1.721 87.4711303711
28314  -56.127  -18.929  -3.597 70.5211181641
31025  -64.281  -20.572  1.152 86.1181945801
31026  -64.110  -19.786  0.549 92.9505157471
31027  -63.813  -19.785  1.195 89.8045425415
31028  -63.109  -19.115  1.314 88.0208282471
31029  -62.359  -18.658  1.462 85.2375259399
31030  -60.691  -20.037  1.284 65.6254730225
31031  -61.179  -19.106  1.495 74.7402725220
31032  -61.612  -18.219  1.701 83.0630035400
31033  -60.719  -17.896  1.933 80.9621963501
31034  -59.796  -17.549  2.065 79.3849945068
31035  -58.882  -17.142  2.082 81.5180664062
31208  -63.751  -24.165  3.419 62.1090583801
31210  -62.834  -23.617  2.861 63.6986961365
31211  -64.187  -23.261  2.685 72.2605514526
31212  -64.379  -22.358  2.080 77.6428527832
31213  -64.378  -21.429  1.576 80.8700942993
31288  -53.105  -40.079  5.198 60.2563819885
31290  -52.616  -39.294  4.722 63.4523162842
31291  -52.223  -38.632  4.162 63.2269096375
31292  -51.940  -37.995  3.486 62.1075553894
31293  -54.725  -37.118  3.865 71.7840423584
31294  -53.117  -37.372  3.301 66.4460678101
31303  -56.123  -33.782  1.336 74.5464019775
31304  -55.612  -33.270  0.838 67.7071304321
31305  -55.029  -32.988  0.269 60.6905059814
31306  -56.376  -32.338  0.312 64.5314331055
31307  -57.777  -31.553  0.357 66.9209365845
31308  -59.278  -30.646  0.339 68.9151840210
31782  -58.514  -15.087  -4.491 66.4625091553
33661  -54.551  -40.221  5.592 63.2240867615
33662  -55.738  -39.417  5.673 68.5997238159
33663  -57.035  -38.618  5.852 71.7069396973
33664  -58.931  -39.833  6.538 66.9777145386
33665  -58.677  -38.803  6.164 70.2467803955
33666  -58.454  -37.834  5.780 73.0812911987
33667  -59.789  -37.121  5.699 73.1470108032
33668  -61.133  -36.388  5.687 71.2869873047
33669  -62.450  -35.634  5.699 67.5738372803
34098  -59.686  -7.624  -2.528 83.1977081299
34099  -58.772  -8.191  -3.801 88.1181335449
34100  -59.248  -7.005  -3.631 82.7956161499
34101  -58.542  -6.486  -4.853 81.2673721313
34102  -57.510  -6.053  -6.143 76.3875885010
34103  -59.027  -4.446  -4.570 66.5237884521
34104  -58.121  -4.964  -5.930 72.1599044800
34105  -56.364  -5.626  -7.544 68.3230743408
38046  -55.992  -21.702  -3.241 68.2419891357
38047  -56.615  -20.631  -3.052 77.7580871582
38048  -59.385  -20.849  -2.140 101.2718429565
38049  -58.297  -20.184  -2.507 95.0616226196
38050  -57.224  -19.505  -2.959 83.2294464111
38051  -57.778  -18.538  -2.862 83.8494033813
38052  -58.442  -17.608  -2.864 81.2577514648
38053  -58.985  -16.521  -3.116 77.5824584961
38054  -63.723  -19.024  -0.094 99.0576400757
38055  -63.426  -18.468  -0.617 102.1210250854
38056  -62.886  -17.842  -0.933 105.0231323242
38057  -63.145  -16.987  0.421 104.8901748657
38058  -63.032  -17.122  -0.520 103.4402694702
38059  -62.306  -17.355  -1.234 100.8685684204
38060  -61.434  -16.826  -1.645 95.7477111816
38061  -60.488  -16.085  -2.375 85.8932266235
38062  -59.562  -15.498  -3.374 76.2646865845
38063  -59.978  -14.688  -3.600 77.0559234619
38064  -60.173  -14.034  -3.665 78.5436477661
38065  -60.139  -13.358  -3.543 81.0093536377
38066  -61.634  -13.415  -1.171 89.8575286865
38067  -60.959  -13.022  -2.267 87.6429519653
38068  -59.992  -12.657  -3.236 85.3237762451
38069  -59.821  -11.877  -2.811 90.0069274902
38070  -59.748  -10.897  -2.355 89.0262222290
38071  -59.910  -9.729  -1.881 88.9972610474
38078  -56.729  -18.350  1.470 62.1884803772
38079  -57.298  -17.568  1.841 73.9578018188
38080  -57.891  -16.782  2.132 82.5135345459
38087  -55.618  -17.087  2.587 71.2924575806
38088  -57.067  -16.510  2.352 79.4704284668
38089  -58.554  -15.939  2.285 91.1440963745
38090  -59.173  -14.916  2.298 89.9918441772
38091  -59.786  -13.849  2.024 87.6013259888
38092  -60.222  -12.705  1.530 80.9671478271
38093  -58.222  -13.086  2.057 72.0377960205
38094  -59.517  -12.221  1.595 74.2284774780
38095  -60.405  -11.649  0.899 77.4544525146
38096  -60.359  -10.641  0.097 77.6426239014
38097  -60.196  -9.634  -0.738 80.8670425415
38098  -60.073  -8.535  -1.593 82.8711166382
38099  -59.880  -7.609  -1.403 76.9322814941
38100  -59.519  -6.799  -1.333 67.1868896484
38475  -63.473  -34.646  5.448 62.2898101807
38502  -63.120  -33.777  4.583 65.0575332642
38503  -62.802  -33.139  3.826 67.2144775391
38504  -62.530  -32.585  3.058 70.9273071289
38505  -62.271  -32.014  2.384 75.6879882812
38506  -64.486  -30.783  3.131 59.9278907776
38507  -63.449  -31.173  2.283 71.3172454834
38508  -62.056  -31.443  1.837 79.3009338379
38509  -61.563  -30.842  1.269 76.5906066895
38510  -61.059  -30.209  0.693 75.0455169678
38511  -60.511  -29.549  0.238 71.6683273315
38514  -65.451  -27.245  2.267 62.8247909546
38515  -65.558  -25.398  1.760 68.8636856079
38516  -65.322  -26.550  1.469 69.7967681885
38517  -64.741  -27.767  1.342 72.6538848877
38518  -63.517  -28.113  0.539 76.9461288452
38519  -61.830  -28.416  0.023 75.1072616577
38520  -59.852  -28.803  -0.321 68.1510467529
38521  -59.136  -28.073  -0.871 64.0921173096
38522  -58.357  -27.394  -1.489 59.9709129333
38524  -60.507  -25.179  -2.058 70.8815917969
38525  -58.625  -25.584  -2.274 63.3994178772
40018  -57.079  -9.061  -5.059 81.5273361206
40019  -55.462  -9.934  -6.429 67.5281829834
41552  -61.522  -35.072  5.044 72.4658355713
41553  -60.728  -34.978  4.715 75.7918014526
41554  -61.309  -34.646  4.633 74.3248062134
41555  -61.133  -34.274  4.186 76.2407608032
41556  -61.963  -34.312  4.580 71.7993850708
41670  -59.279  -9.372  -2.931 91.5413055420
41671  -58.629  -9.814  -3.543 89.9361648560
41672  -58.890  -9.146  -3.413 91.2435379028
43349  -64.168  -20.769  -0.100 90.6879653931
43350  -63.933  -20.493  -0.462 93.6388473511
43351  -64.110  -20.319  0.006 92.2681121826
43352  -59.818  -16.494  2.215 91.2211380005
43353  -60.465  -16.228  2.165 96.0110092163
43354  -60.045  -16.028  2.186 95.0119552612
43355  -60.252  -15.567  2.134 94.8431701660
43356  -59.630  -15.852  2.237 93.9036026001
43480  -64.545  -21.130  0.589 86.4291305542
43481  -64.637  -21.668  0.331 85.8231811523
43482  -64.380  -21.203  0.123 88.0699768066
43483  -64.124  -21.349  -0.314 89.7237319946
43547  -57.832  -30.447  -0.164 62.4797668457
43549  -57.480  -30.072  -0.403 59.9592552185
43551  -58.279  -29.605  -0.379 62.2079696655
43890  -57.658  -16.467  -4.050 68.0370635986
43891  -56.710  -16.859  -4.421 63.2524566650
43892  -57.039  -16.404  -4.546 62.4722785950
45749  -61.670  -21.315  1.533 69.2967910767
45750  -61.989  -20.785  1.522 73.0690307617
45751  -61.234  -21.063  1.377 66.9188537598
45755  -58.233  -19.085  1.329 59.6514015198
45881  -61.330  -22.335  1.767 61.2442893982
45882  -61.529  -21.792  1.646 65.3704757690
45883  -62.249  -21.526  1.790 71.3434524536
45937  -56.066  -38.066  5.315 72.5536346436
45938  -55.197  -38.050  5.011 72.1324996948
45939  -55.892  -37.643  5.006 73.4515457153
45940  -55.553  -35.559  2.386 73.7915573120
45941  -54.911  -35.985  2.490 71.2978668213
45942  -54.674  -35.681  2.110 69.3940505981
45943  -53.820  -35.792  1.885 64.7444839478
45944  -54.432  -35.352  1.762 67.5428009033
45945  -54.133  -35.061  1.411 65.2319335938
45946  -55.038  -34.947  1.674 70.6837615967
45947  -60.157  -32.570  1.843 85.0060653687
45948  -59.249  -32.605  1.626 84.2288589478
45949  -59.971  -32.246  1.649 82.8532333374
45950  -59.760  -31.944  1.433 79.6268005371
45951  -60.630  -31.885  1.648 81.5234375000
46290  -58.991  -13.408  -4.450 74.9902648926
46291  -58.371  -13.640  -5.244 70.2194595337
46292  -58.337  -13.380  -5.013 72.4012832642
47744  -57.424  -41.573  6.771 62.5256233215
47745  -57.176  -41.088  6.444 67.2136077881
47746  -58.027  -41.213  6.822 65.1085205078
47748  -61.665  -38.839  6.721 61.5636444092
47749  -62.299  -38.489  6.702 60.5070648193
47750  -62.195  -38.032  6.499 62.7996292114
48090  -59.325  -5.330  -2.304 61.2526969910
48091  -59.449  -5.344  -2.761 65.2696609497
48092  -59.351  -4.901  -2.818 61.8715629578
48094  -58.161  -3.158  -6.681 61.1902580261
48095  -57.741  -2.991  -7.462 59.8149147034
48096  -57.138  -3.367  -8.281 59.9581298828
51329  -59.154  -22.749  -2.404 83.4640579224
51330  -58.553  -22.456  -2.460 84.4892501831
51331  -59.395  -22.277  -2.279 91.8460617065
51332  -61.719  -18.669  -1.599 105.7374114990
51333  -60.972  -18.917  -1.794 105.6934127808
51334  -61.296  -18.426  -1.728 102.9825592041
51335  -60.838  -18.205  -1.857 100.2097091675
51336  -61.520  -18.007  -1.646 100.4012374878
51337  -62.867  -18.076  1.250 92.4296417236
51338  -63.180  -17.996  0.883 95.4884185791
51339  -62.934  -17.732  1.085 95.6908264160
51340  -62.604  -15.147  0.164 99.8550338745
51341  -62.698  -15.551  -0.033 100.3789443970
51342  -62.509  -15.103  -0.383 98.8018264771
51343  -62.220  -15.204  -0.905 96.2750701904
51344  -62.222  -14.782  -0.797 95.0305099487
51345  -61.869  -14.440  -1.308 91.0637130737
51346  -62.156  -14.362  -0.701 94.0223007202
51347  -61.128  -12.606  0.544 83.9855422974
51348  -61.227  -12.535  -0.128 85.3910064697
51349  -61.060  -12.205  0.036 83.3086013794
51350  -60.921  -11.886  -0.384 83.1965789795
51351  -60.896  -11.866  0.258 81.2907104492
51363  -55.492  -15.561  3.463 65.1678009033
51364  -55.246  -16.079  3.582 63.3417053223
51365  -55.927  -15.680  3.255 70.1444320679
51366  -56.351  -15.740  3.018 74.8803253174
51367  -56.655  -15.269  2.934 74.9888305664
51368  -57.393  -14.851  2.699 77.4302444458
51369  -56.902  -14.756  2.804 73.4391555786
51370  -57.932  -10.569  1.053 63.2461051941
51371  -58.405  -10.811  1.177 66.5658798218
51372  -58.609  -10.116  0.852 66.8057708740
51373  -59.187  -9.741  0.583 70.5702209473
51374  -58.773  -9.435  0.536 66.7251205444
51375  -58.947  -8.807  0.191 66.2960586548
51376  -58.331  -9.209  0.441 62.3190040588
51715  -64.977  -28.708  2.443 62.5796127319
51716  -64.640  -29.354  2.228 65.8272476196
51717  -64.583  -29.008  1.906 68.0800857544
51718  -64.023  -29.295  1.460 73.1330795288
51719  -64.513  -28.666  1.604 70.7040634155
51720  -64.765  -24.444  3.299 62.9948310852
51721  -65.147  -24.852  3.347 61.2572517395
51722  -65.250  -24.488  2.920 65.3709106445
51723  -63.762  -25.205  -0.689 76.6520385742
51724  -64.140  -25.614  -0.293 77.1113510132
51725  -63.446  -25.855  -0.681 76.4955444336
51726  -63.053  -26.414  -0.626 76.3033905029
51727  -62.636  -26.011  -1.017 74.7852859497
51728  -61.742  -26.186  -1.232 71.9742126465
51729  -62.237  -25.642  -1.354 73.4029464722
51730  -60.272  -22.816  -2.235 86.2329025269
51731  -59.716  -23.413  -2.397 79.4868011475
51732  -59.410  -23.074  -2.393 81.4649887085
51733  -58.528  -23.318  -2.573 75.3266754150
52950  -55.214  -20.505  -3.672 63.1506347656
52973  -56.198  -7.015  -6.821 71.4382705688
52974  -55.778  -7.683  -6.848 69.6936721802
52975  -55.271  -7.464  -7.570 64.2979736328
55537  -58.804  -36.561  5.209 75.2545013428
55538  -57.926  -36.481  4.892 76.0759811401
55539  -58.632  -36.114  4.857 76.4514312744
55540  -58.978  -34.944  3.892 80.2709808350
55541  -58.280  -35.336  3.989 79.8123779297
55542  -58.092  -35.065  3.492 81.7153472900
55543  -57.251  -35.267  3.100 80.8083343506
55544  -57.917  -34.851  3.044 82.7550582886
55545  -57.737  -34.609  2.646 82.2087631226
55546  -58.575  -34.443  2.992 83.1257247925
55547  -60.776  -33.719  3.294 79.8511047363
55548  -59.914  -33.802  2.884 83.7112731934
55549  -60.630  -33.463  2.864 80.9878997803
55550  -60.461  -33.243  2.459 82.2135162354
55551  -61.248  -33.125  2.857 78.5983047485
55890  -58.746  -11.763  -3.656 87.6349029541
55891  -58.165  -12.144  -4.299 81.3367156982
55892  -58.117  -11.643  -4.074 84.9105987549
55893  -57.107  -10.671  -4.811 82.3087844849
55894  -56.979  -11.321  -5.027 78.0846405029
55895  -56.443  -11.088  -5.493 73.6152725220
55896  -55.807  -11.464  -6.172 65.6395339966
55897  -55.881  -10.840  -5.997 69.0712356567
60929  -62.331  -21.789  -1.541 93.5280685425
60930  -61.779  -21.525  -1.696 97.5930786133
60931  -62.477  -21.258  -1.462 97.1827468872
60932  -63.244  -19.927  -1.004 100.1805419922
60933  -62.756  -20.189  -1.348 102.2132263184
60934  -62.863  -19.580  -1.230 103.2958374023
60935  -62.553  -19.239  -1.373 106.2319183350
60936  -63.005  -19.050  -1.077 103.8454132080
60937  -61.483  -17.295  1.930 91.1268768311
60938  -61.998  -17.067  1.739 95.8037643433
60939  -61.636  -16.892  1.931 95.6259613037
60940  -61.577  -15.764  1.893 98.3274841309
60941  -61.935  -16.013  1.766 99.3357467651
60942  -62.008  -15.555  1.567 99.1759185791
60943  -62.372  -15.392  1.158 99.6756439209
60944  -62.076  -15.044  1.307 99.2370986938
60945  -62.166  -14.554  0.918 99.5334243774
60946  -61.834  -14.769  1.374 98.9163665771
60947  -60.747  -14.543  1.898 94.3883819580
60948  -61.240  -14.260  1.564 95.7163467407
60949  -60.932  -13.996  1.597 93.0593566895
60950  -61.061  -13.521  1.254 90.1281890869
60951  -60.662  -13.779  1.661 90.3729095459
61320  -64.931  -22.762  1.690 78.8613281250
61321  -65.133  -23.253  1.617 77.5107269287
61322  -65.033  -22.824  1.244 79.4665374756
61323  -64.531  -22.738  -0.053 82.2868118286
61324  -64.745  -23.122  0.195 80.3233337402
61325  -64.350  -23.362  -0.376 80.4302978516
61326  -64.177  -23.956  -0.581 78.7681274414
61327  -63.825  -23.563  -0.863 80.1951293945
61328  -63.211  -23.764  -1.280 79.8394775391
61329  -63.517  -23.193  -1.106 82.5411529541
61330  -63.238  -21.863  -1.133 90.4231185913
61331  -62.863  -22.487  -1.399 87.7152328491
61332  -62.593  -22.113  -1.487 90.2468414307
61333  -61.855  -22.353  -1.772 90.1773147583
62550  -56.419  -18.442  -3.603 70.6214218140
62551  -55.501  -18.833  -4.026 64.8608856201
62552  -55.789  -18.340  -4.086 64.8289260864
68129  -64.037  -20.596  1.458 84.4306106567
68130  -64.072  -20.162  1.168 87.8261947632
68131  -63.797  -20.207  1.477 85.9832534790
68132  -62.526  -19.781  1.462 80.5114669800
68133  -63.037  -19.591  1.409 85.2336807251
68134  -62.666  -19.307  1.422 83.7651672363
68135  -62.735  -18.878  1.367 86.6997451782
68136  -62.265  -19.076  1.457 82.0863189697
68138  -60.367  -20.533  1.156 61.6693992615
68139  -59.906  -20.327  1.109 59.8848838806
68140  -60.003  -19.203  1.437 67.6050262451
68141  -60.473  -19.383  1.397 69.0483016968
68142  -60.729  -18.924  1.550 73.4181137085
68143  -61.398  -18.670  1.621 78.7689285278
68144  -60.973  -18.459  1.684 77.4479293823
68145  -61.186  -18.053  1.816 82.1246643066
68146  -60.524  -18.301  1.756 75.9269561768
68147  -58.804  -18.185  1.717 69.5820617676
68148  -59.574  -17.946  1.882 73.4415283203
68149  -59.105  -17.758  1.942 74.9682083130
68150  -59.326  -17.347  2.093 80.5474014282
68151  -58.579  -17.559  1.950 76.3298492432
68523  -62.514  -22.774  2.296 65.9785537720
68524  -62.295  -23.325  2.521 62.3463973999
68525  -63.055  -23.079  2.565 67.6939315796
68526  -63.535  -23.400  2.809 68.8203125000
68527  -63.747  -22.832  2.541 72.5251998901
68528  -64.270  -22.796  2.356 76.7357940674
68529  -63.841  -22.417  2.263 74.8923187256
68530  -63.573  -21.139  1.759 79.0100708008
68531  -64.004  -21.477  1.808 78.7904815674
68532  -64.051  -21.029  1.618 81.3632431030
68533  -64.350  -21.029  1.357 83.2070999146
68692  -53.606  -39.720  5.237 63.1670761108
68693  -52.866  -39.691  4.972 61.8981933594
68694  -53.400  -39.282  4.987 64.5928726196
68695  -53.589  -38.166  4.416 67.8597335815
68696  -52.963  -38.566  4.409 65.7215576172
68697  -52.828  -38.232  4.116 65.1930847168
68698  -52.098  -38.315  3.866 62.7038879395
68699  -52.651  -37.939  3.783 64.6883773804
68700  -56.257  -36.507  4.160 75.4850845337
68701  -55.539  -36.957  4.194 73.7447586060
68702  -55.403  -36.702  3.755 73.7571563721
68703  -53.662  -36.783  2.790 66.5664367676
68704  -53.778  -37.019  3.191 68.7933502197
68705  -52.996  -37.134  2.913 64.6685333252
68706  -52.346  -37.460  3.028 62.7357635498
68707  -52.142  -37.247  2.682 60.6744499207
68722  -57.290  -34.022  1.873 81.6329193115
68723  -56.375  -34.118  1.609 78.1982650757
68724  -57.062  -33.705  1.580 80.7996444702
68725  -57.267  -32.810  1.067 75.5574264526
68726  -56.550  -33.145  1.058 73.3767929077
68727  -56.301  -32.940  0.809 69.8271179199
68728  -55.331  -33.100  0.572 64.2456207275
68729  -56.002  -32.801  0.546 66.1664428711
68730  -55.689  -32.661  0.280 62.6073303223
68731  -56.697  -32.485  0.574 68.1137161255
68732  -59.121  -31.544  0.923 73.5128555298
68733  -58.137  -31.732  0.652 69.9904556274
68734  -58.820  -31.374  0.662 70.4155426025
68735  -58.502  -31.114  0.354 67.7800292969
68736  -59.568  -30.930  0.619 71.2476348877
69750  -58.714  -14.733  -4.604 68.1734542847
69751  -57.899  -15.034  -4.955 62.7024612427
69752  -58.055  -14.647  -5.126 64.5414581299
69758  -57.084  -12.827  -5.762 67.3004379272
69759  -57.167  -13.179  -6.104 64.6050872803
69760  -56.535  -13.029  -6.533 60.5426483154
74115  -54.049  -40.602  5.621 60.0149726868
74116  -54.795  -40.700  5.794 61.6402587891
74117  -56.742  -40.034  6.016 69.2676544189
74118  -55.941  -39.924  5.824 67.4012680054
74119  -56.551  -39.514  5.858 70.2009201050
74120  -56.377  -39.002  5.710 70.8741455078
74121  -57.184  -39.111  5.933 70.7152023315
74122  -59.786  -40.367  6.979 61.8986816406
74123  -59.074  -40.329  6.781 65.1286315918
74124  -59.664  -39.919  6.729 64.5754547119
74125  -60.136  -38.575  6.342 67.5515289307
74126  -59.465  -38.922  6.345 68.0675582886
74127  -59.365  -38.440  6.168 69.9793701172
74128  -58.574  -38.316  5.989 72.0203018188
74129  -59.280  -37.949  5.949 72.0787963867
74130  -59.166  -37.496  5.742 73.0944061279
74131  -59.915  -37.595  5.912 72.0608215332
74132  -61.991  -37.025  6.044 67.5605468750
74133  -61.231  -36.888  5.870 70.2600784302
74134  -61.922  -36.516  5.886 69.1204833984
74135  -61.790  -36.030  5.696 70.3362274170
74136  -62.613  -36.126  5.918 66.8346252441
75150  -59.717  -7.116  -2.434 81.2181167603
75151  -59.470  -7.274  -3.043 83.7618255615
75152  -59.554  -6.774  -2.968 80.3584518433
75153  -59.205  -5.687  -4.017 74.1015319824
75154  -59.085  -6.160  -4.129 78.8224258423
75155  -58.732  -5.934  -4.751 78.0217361450
75156  -58.073  -6.262  -5.480 78.9257125854
75157  -58.314  -5.720  -5.408 76.5224151611
75159  -59.184  -4.250  -3.906 62.8032760620
75160  -58.996  -3.965  -4.569 63.0142707825
75161  -57.811  -4.213  -6.722 66.9844360352
75162  -58.299  -4.454  -5.933 69.1704101562
75163  -57.563  -4.744  -6.712 69.3986740112
75164  -57.300  -5.270  -6.747 72.2768325806
75165  -56.751  -5.066  -7.545 68.7631759644
75166  -55.893  -5.465  -8.393 63.5957489014
75167  -56.239  -4.919  -8.374 64.8497695923
84871  -55.915  -23.030  -3.172 60.0068168640
84872  -57.415  -21.859  -2.767 79.9827346802
84873  -56.561  -22.014  -3.031 71.1276473999
84874  -56.876  -21.486  -2.949 77.3609695435
84875  -56.294  -21.170  -3.133 73.2800903320
84876  -57.170  -20.945  -2.849 83.2920608521
84877  -60.808  -20.903  -1.843 106.1041717529
84878  -59.950  -21.161  -2.051 104.1535339355
84879  -60.229  -20.598  -1.944 106.5358886719
84880  -59.419  -19.437  -2.192 102.5484008789
84881  -59.139  -19.956  -2.244 100.4132080078
84882  -58.563  -19.628  -2.465 97.1307296753
84883  -57.750  -19.843  -2.729 89.6751251221
84884  -58.039  -19.315  -2.659 90.4559860229
84885  -57.490  -19.017  -2.910 83.6424179077
84886  -58.318  -18.836  -2.583 91.1121978760
84887  -59.809  -17.699  -2.250 91.3624572754
84888  -58.976  -17.861  -2.530 88.0904617310
84889  -59.280  -17.392  -2.581 85.4748916626
84890  -58.719  -17.089  -2.992 79.1097335815
84891  -59.523  -16.887  -2.665 83.1188812256
84892  -63.940  -19.351  0.606 95.3867950439
84893  -63.922  -19.363  0.211 96.7933731079
84894  -63.749  -18.955  0.323 97.0496292114
84895  -63.461  -17.987  0.072 100.2751312256
84896  -63.550  -18.362  -0.187 100.1419448853
84897  -63.386  -18.077  -0.375 102.3034210205
84898  -63.168  -18.154  -0.761 104.1450347900
84899  -63.211  -17.793  -0.553 104.8799972534
84900  -62.755  -16.760  1.131 103.7433547974
84901  -63.006  -17.033  0.853 103.1324386597
84902  -63.002  -16.674  0.746 104.0523757935
84903  -62.760  -16.288  -0.532 101.5966339111
84904  -63.010  -16.678  -0.239 102.9154205322
84905  -62.783  -16.760  -0.694 101.8850555420
84906  -62.705  -17.202  -0.901 102.3448333740
84907  -62.421  -16.892  -1.066 100.5134048462
84908  -61.910  -17.093  -1.406 98.6655349731
84909  -62.019  -16.592  -1.292 98.5742111206
84910  -61.279  -15.394  -1.955 89.1541748047
84911  -61.109  -15.891  -1.984 90.1152191162
84912  -60.687  -15.531  -2.429 84.9671783447
84913  -60.021  -15.715  -2.875 80.6550369263
84914  -60.241  -15.232  -2.950 80.4440765381
84915  -59.740  -15.016  -3.532 76.5476379395
84916  -60.409  -14.846  -3.010 80.5400161743
84917  -61.107  -13.913  -2.521 84.6280899048
84918  -60.662  -14.143  -3.103 81.4586868286
84919  -60.658  -13.808  -3.132 82.3214263916
84920  -60.153  -13.716  -3.651 79.6395034790
84921  -60.653  -13.493  -3.074 83.3561859131
84922  -61.953  -13.763  0.016 95.0014953613
84923  -61.915  -13.709  -0.610 92.7674102783
84924  -61.758  -13.417  -0.517 92.5700683594
84925  -61.095  -12.552  -1.528 89.1236267090
84926  -61.226  -12.865  -1.624 90.0197067261
84927  -60.838  -12.697  -2.121 89.1594848633
84928  -60.490  -12.887  -2.755 86.2328338623
84929  -60.416  -12.498  -2.571 88.1434249878
84930  -59.906  -12.279  -2.994 88.0769653320
84931  -60.304  -12.128  -2.402 89.0800628662
84932  -60.397  -11.176  -1.346 83.9805831909
84933  -60.106  -11.318  -1.987 86.9420318604
84934  -60.099  -10.722  -1.768 86.5114288330
84935  -59.811  -10.315  -2.129 89.3060836792
84936  -60.135  -10.201  -1.534 86.4479598999
84955  -56.087  -17.564  1.896 68.1056900024
84956  -56.537  -17.745  1.757 68.2984619141
84957  -56.858  -17.378  1.947 73.5329666138
84958  -57.610  -17.188  2.020 78.3203430176
84959  -57.160  -17.013  2.107 77.2684936523
84975  -54.612  -17.489  3.227 60.9591827393
84976  -54.927  -17.460  2.819 65.0221099854
84977  -55.278  -17.062  2.924 68.5146179199
84978  -57.103  -15.954  2.616 80.7237548828
84979  -56.742  -16.369  2.498 77.7771072388
84980  -57.475  -16.074  2.430 82.9319229126
84981  -57.817  -16.234  2.283 84.9261932373
84982  -58.149  -15.780  2.353 88.5811767578
84983  -58.847  -15.463  2.310 90.8330993652
84984  -58.493  -15.277  2.397 87.6084976196
84985  -58.752  -14.005  2.284 81.9894714355
84986  -59.149  -14.187  2.273 85.6417922974
84987  -59.401  -13.668  2.066 83.6348648071
84988  -60.010  -13.320  1.789 84.3401641846
84989  -59.647  -13.091  1.832 80.6350936890
84990  -56.965  -13.404  2.246 65.9908905029
84991  -57.464  -13.564  2.296 69.8614501953
84992  -57.724  -12.898  1.985 68.3438262939
84993  -59.319  -11.305  1.277 71.3294372559
84994  -59.116  -11.960  1.549 71.0425338745
84995  -59.703  -11.540  1.266 73.3336868286
84996  -60.020  -11.856  1.291 75.3144149780
84997  -60.116  -11.315  0.958 75.6042175293
84998  -60.426  -11.155  0.545 77.5648574829
84999  -60.150  -10.783  0.563 75.8385391235
85000  -59.977  -9.248  -0.157 76.2738952637
85001  -60.132  -9.684  -0.232 77.8160171509
85002  -60.122  -9.126  -0.650 79.0830612183
85003  -60.130  -9.105  -1.179 82.2840347290
85004  -60.080  -8.561  -1.061 79.8912200928
85005  -59.996  -8.041  -1.490 79.9948654175
85006  -59.951  -8.112  -0.969 77.3130493164
85007  -59.207  -7.584  -0.494 64.2241363525
85008  -59.513  -7.362  -0.899 68.2447052002
85009  -59.245  -7.007  -0.911 63.4096908569
85010  -59.275  -6.444  -1.333 62.3057441711
85948  -63.669  -35.104  5.831 60.7713279724
86017  -63.599  -33.344  4.527 59.7551078796
86018  -62.962  -33.444  4.251 65.9976730347
86019  -63.423  -33.019  4.163 61.3253364563
86020  -63.762  -32.035  3.377 62.4168663025
86021  -63.246  -32.436  3.360 65.3419036865
86022  -63.092  -32.176  3.026 67.9914855957
86023  -62.380  -32.319  2.722 73.2950439453
86024  -62.979  -31.888  2.669 70.6931838989
86028  -63.811  -30.418  2.000 71.2127685547
86029  -63.907  -30.722  2.301 68.6771697998
86030  -63.311  -30.887  1.981 74.3717498779
86031  -62.774  -31.309  2.010 76.5091705322
86032  -62.617  -31.018  1.722 77.1601409912
86033  -61.813  -31.143  1.537 77.7870483398
86034  -62.416  -30.707  1.468 76.3744506836
86035  -62.582  -29.582  0.853 76.8607864380
86036  -61.954  -30.061  0.903 75.9708633423
86037  -61.720  -29.735  0.650 76.3911285400
86038  -60.818  -29.874  0.465 73.4910888672
86039  -61.453  -29.371  0.409 74.8401031494
86043  -65.542  -25.851  3.237 60.7214050293
86045  -65.584  -26.427  3.113 60.1031227112
86047  -65.584  -26.636  2.481 63.6114273071
86048  -65.404  -24.372  1.365 73.6854705811
86049  -65.520  -24.757  1.846 69.5513305664
86050  -65.412  -24.973  1.283 71.9548950195
86051  -64.718  -26.400  0.522 74.0251312256
86052  -65.171  -26.186  1.005 71.5950698853
86053  -64.925  -26.784  0.962 72.3443832397
86054  -65.092  -27.188  1.411 71.2106781006
86055  -64.591  -27.395  0.936 73.5191421509
86056  -64.168  -27.981  0.937 75.4945755005
86057  -63.989  -27.567  0.550 75.2321166992
86058  -62.082  -27.450  -0.455 75.1052322388
86059  -62.448  -27.836  -0.090 76.0487442017
86060  -61.495  -28.043  -0.288 73.8418655396
86061  -60.839  -28.612  -0.146 71.8522033691
86062  -60.520  -28.224  -0.433 70.2059936523
86063  -59.493  -28.426  -0.606 66.1977996826
86064  -60.201  -27.852  -0.695 68.0636978149
86065  -59.872  -26.632  -1.498 65.0600662231
86066  -59.355  -27.179  -1.324 63.5609779358
86067  -58.912  -26.844  -1.642 62.0382156372
86069  -58.493  -26.501  -1.914 60.9981079102
86070  -61.653  -24.294  -1.887 77.2141571045
86071  -61.321  -24.934  -1.870 73.6153259277
86072  -60.822  -24.514  -2.122 74.7627182007
86073  -58.710  -24.627  -2.456 67.9655456543
86074  -59.130  -24.979  -2.324 67.7118453979
86075  -58.224  -25.235  -2.432 63.1192893982
86080  -56.771  -23.710  -2.883 62.6125793457
86580  -51.293  -39.807  4.546 59.8114242554
89798  -58.365  -7.953  -4.351 85.5139007568
89799  -57.996  -8.626  -4.416 87.2989044189
89800  -57.496  -8.363  -4.976 83.5126342773
89801  -55.135  -9.036  -6.987 64.8009948730
89802  -55.677  -9.275  -6.315 70.0852203369
89803  -54.954  -9.672  -7.055 62.2627944946
93226  -60.208  -35.804  5.147 74.4900512695
93227  -59.354  -35.718  4.803 76.5564193726
93228  -60.094  -35.337  4.771 76.0694580078
93229  -59.894  -34.911  4.308 78.2181243896
93230  -59.631  -34.581  3.803 80.4556884766
93231  -59.406  -34.360  3.367 82.7364501953
93232  -60.278  -34.249  3.751 80.7926940918
93233  -60.983  -33.974  3.767 78.1250839233
93234  -61.619  -33.675  3.718 75.2831573486
93438  -58.870  -10.667  -3.283 90.9248046875
93439  -58.186  -11.074  -3.874 88.7483825684
93440  -58.382  -10.456  -3.698 89.1042556763
93441  -57.885  -10.218  -4.150 87.1417388916
93442  -57.402  -9.915  -4.673 84.1342163086
96461  -63.537  -21.228  -0.916 93.1858749390
96462  -63.099  -20.999  -1.169 96.3736877441
96463  -63.570  -20.727  -0.832 94.8568572998
96464  -63.603  -20.222  -0.737 96.8579940796
96465  -63.665  -19.717  -0.621 98.7168655396
96466  -60.671  -16.905  2.166 90.1039352417
96467  -61.267  -16.681  2.080 95.5274200439
96468  -60.895  -16.434  2.138 95.5394058228
96469  -61.064  -15.983  2.061 97.1274642944
96470  -61.217  -15.497  1.936 97.2969818115
96471  -61.438  -15.014  1.741 97.4092483521
96472  -60.860  -15.272  1.981 96.0269622803
96473  -60.507  -15.065  2.051 94.6350250244
96474  -60.151  -14.854  2.124 93.1116714478
96696  -64.787  -21.903  1.057 82.5867996216
96697  -64.921  -22.389  0.934 81.6608276367
96698  -64.771  -22.031  0.622 84.0660476685
96699  -64.650  -22.230  0.127 84.3552780151
96700  -64.259  -22.376  -0.327 84.7477569580
96701  -63.802  -22.595  -0.800 85.0449295044
96702  -64.005  -21.969  -0.554 87.5922241211
96703  -63.750  -21.593  -0.751 90.4057617188
97434  -57.045  -17.486  -3.774 70.2579116821
97435  -56.085  -17.866  -4.157 64.4830169678
97436  -56.384  -17.354  -4.294 63.9640159607
100781  -63.019  -20.865  1.712 79.5809402466
100782  -63.251  -20.372  1.584 83.6107101440
100783  -62.648  -20.552  1.629 78.7510375977
100784  -62.256  -20.266  1.531 76.8398742676
100785  -61.853  -20.008  1.444 74.7741088867
100789  -59.213  -19.479  1.265 61.3644638062
100790  -59.525  -18.988  1.465 65.9509353638
100791  -59.808  -18.551  1.629 70.1745529175
100792  -59.008  -18.821  1.490 64.1109924316
100793  -58.506  -18.620  1.526 64.6807937622
100794  -58.011  -18.404  1.569 65.7765045166
101019  -61.945  -22.496  2.045 63.6927986145
101020  -62.722  -22.254  2.126 69.1070938110
101021  -63.372  -22.081  2.122 73.3928222656
101022  -62.856  -21.771  1.949 72.2630996704
101023  -62.948  -21.299  1.839 75.7665481567
101119  -54.750  -38.885  5.268 68.3884277344
101120  -53.968  -38.874  4.997 67.0870361328
101121  -54.548  -38.469  5.001 69.5849838257
101122  -54.323  -38.140  4.705 70.5605239868
101123  -54.226  -37.773  4.374 70.1066665649
101124  -55.958  -36.068  3.253 76.4954681396
101125  -55.266  -36.463  3.329 73.8930435181
101126  -55.119  -36.250  2.909 73.2274475098
101127  -54.298  -36.404  2.629 68.8896255493
101128  -53.443  -36.512  2.377 64.3090057373
101129  -52.624  -36.604  2.111 60.1835174561
101130  -53.185  -36.197  2.003 62.0745582581
101131  -52.943  -35.863  1.612 59.8829307556
101135  -53.885  -34.790  1.107 61.9075050354
101136  -54.552  -34.384  1.075 64.7366409302
101137  -58.680  -33.304  1.833 86.2237854004
101138  -57.752  -33.319  1.564 82.9005966187
101139  -58.469  -32.938  1.568 85.0859985352
101140  -58.254  -32.676  1.348 81.3759841919
101141  -58.002  -32.424  1.112 77.4263916016
101142  -57.728  -32.271  0.868 73.5090942383
101143  -58.721  -32.044  1.148 76.9739227295
101144  -59.435  -31.711  1.176 76.5270385742
101145  -60.128  -31.415  1.192 76.0962371826
101754  -58.981  -14.090  -4.730 71.4768829346
101755  -58.212  -14.319  -5.245 66.4121551514
101756  -58.339  -13.986  -5.289 68.2778778076
101757  -57.707  -13.868  -5.838 64.5034790039
101758  -57.110  -13.794  -6.379 59.9746627808
104372  -55.836  -41.353  6.199 61.6762275696
104373  -55.606  -40.823  5.969 63.0891113281
104374  -56.375  -40.978  6.167 64.9388885498
104375  -56.958  -40.553  6.201 68.2236938477
104376  -57.521  -40.129  6.246 68.9989318848
104377  -61.102  -39.620  6.908 60.2387313843
104378  -60.326  -39.531  6.676 63.5276641846
104379  -61.005  -39.175  6.700 62.5325927734
104380  -60.910  -38.657  6.507 64.7629394531
104381  -60.791  -38.221  6.321 67.1506118774
104382  -60.679  -37.735  6.096 69.6048736572
104383  -61.429  -37.880  6.286 66.1532897949
104384  -62.102  -37.546  6.268 65.1337509155
104385  -62.771  -37.164  6.311 64.2857284546
104994  -59.607  -6.169  -2.281 69.9351196289
104995  -59.575  -6.278  -2.892 74.3268051147
104996  -59.535  -5.797  -2.824 69.3647003174
104997  -59.434  -5.459  -3.370 69.5076828003
104998  -59.262  -5.199  -3.933 69.9524688721
105000  -58.757  -3.692  -5.271 63.6774482727
105001  -58.481  -3.428  -5.993 62.3099174500
105002  -58.051  -3.678  -6.723 65.0037460327
105003  -57.367  -4.018  -7.509 64.7551193237
105004  -56.599  -4.394  -8.360 62.8119125366
105005  -56.920  -3.859  -8.290 61.2079353333
110825  -57.375  -23.146  -2.756 68.8333282471
110826  -56.778  -22.841  -2.910 67.3657302856
110827  -57.691  -22.673  -2.648 75.1749725342
110828  -57.971  -22.129  -2.574 82.4071426392
110829  -58.271  -21.615  -2.482 89.2096176147
110830  -61.245  -19.771  -1.748 111.4783782959
110831  -60.476  -20.037  -1.911 108.7452239990
110832  -60.692  -19.460  -1.850 108.5547561646
110833  -60.206  -19.213  -1.987 105.6592407227
110834  -59.722  -18.922  -2.116 102.7496185303
110835  -59.174  -18.640  -2.280 97.6667633057
110836  -60.001  -18.439  -2.043 100.0189971924
110837  -60.296  -18.035  -2.001 96.8088912964
110838  -60.578  -17.527  -1.957 93.6457519531
110839  -63.404  -18.648  0.828 93.5772171021
110840  -63.582  -18.612  0.466 96.1133422852
110841  -63.407  -18.285  0.620 95.6089248657
110842  -63.404  -17.953  0.470 98.0436782837
110843  -63.353  -17.691  0.320 100.8569564819
110844  -62.778  -15.971  0.753 101.3828277588
110845  -62.965  -16.301  0.531 102.6375579834
110846  -62.841  -15.937  0.247 101.4154052734
110847  -62.738  -15.956  -0.273 101.2072525024
110848  -62.481  -15.989  -0.762 100.2792282104
110849  -62.078  -16.109  -1.216 98.5624008179
110850  -62.178  -15.635  -1.043 97.6506500244
110851  -61.791  -15.326  -1.422 93.0616455078
110852  -61.410  -14.939  -1.917 88.1650009155
110853  -60.989  -14.705  -2.455 83.5180892944
110854  -61.482  -14.528  -1.870 87.3925781250
110855  -61.505  -14.133  -1.925 86.8533554077
110856  -61.438  -13.790  -1.929 87.1503143311
110857  -61.551  -13.223  0.248 90.0404434204
110858  -61.594  -13.134  -0.405 90.2574157715
110859  -61.413  -12.859  -0.258 87.5197601318
110860  -61.209  -12.514  -0.798 87.2769088745
110861  -60.962  -12.235  -1.296 87.1014785767
110862  -60.608  -11.998  -1.794 86.9138946533
110863  -60.826  -11.918  -1.063 85.0817871094
110864  -60.697  -11.567  -0.847 83.0978317261
110865  -60.572  -11.115  -0.642 81.1822662354
110878  -55.313  -17.857  1.975 62.6687278748
110879  -55.694  -17.478  2.128 67.7962417603
110888  -54.985  -16.555  3.635 61.4964408875
110889  -55.265  -16.597  3.279 66.1077575684
110890  -55.627  -16.638  2.962 70.6161804199
110891  -55.994  -16.208  3.036 72.7233810425
110892  -56.727  -15.846  2.816 78.3189392090
110893  -57.449  -15.471  2.639 82.2155303955
110894  -58.153  -15.105  2.503 84.3038482666
110895  -57.770  -14.972  2.594 80.9181747437
110896  -58.070  -14.437  2.484 79.6128311157
110897  -58.349  -13.860  2.282 78.1063232422
110898  -57.470  -12.014  1.601 63.7516860962
110899  -57.992  -12.213  1.716 66.7735366821
110900  -58.203  -11.518  1.459 65.9655838013
110901  -58.874  -11.080  1.273 69.2657394409
110902  -59.450  -10.721  0.980 71.9753646851
110903  -59.850  -10.446  0.592 74.1743545532
110904  -59.534  -10.114  0.611 72.5626678467
110905  -59.626  -9.484  0.255 73.6147232056
110906  -59.709  -8.882  -0.062 74.3925628662
110907  -59.758  -8.289  -0.512 73.9169769287
110908  -59.437  -8.512  -0.111 70.1935424805
110909  -59.101  -8.180  -0.168 65.3119583130
110910  -58.710  -7.925  -0.239 59.9217300415
111520  -64.804  -29.954  2.965 60.5727500916
111521  -64.727  -29.678  2.590 63.8018760681
111522  -64.258  -29.914  2.080 68.4400253296
111523  -63.679  -30.141  1.648 71.9466934204
111524  -62.988  -30.263  1.414 74.4849166870
111525  -63.516  -29.806  1.396 73.3788299561
111526  -63.352  -29.498  1.127 75.5803985596
111527  -63.179  -29.061  0.820 78.6181564331
111531  -65.404  -25.329  3.295 60.7788734436
111532  -65.612  -25.497  2.714 63.5974960327
111533  -64.849  -24.768  0.246 76.7660140991
111534  -65.123  -25.171  0.710 74.4768142700
111535  -64.696  -25.370  0.162 76.9019165039
111536  -64.454  -25.997  0.105 76.2884597778
111537  -64.131  -26.600  0.101 76.2505798340
111538  -63.795  -27.131  0.155 75.7419052124
111539  -63.420  -26.763  -0.234 77.0008087158
111540  -62.592  -26.924  -0.540 75.6766586304
111541  -61.659  -27.080  -0.729 72.9824371338
111542  -60.733  -27.269  -0.881 69.7230606079
111543  -61.241  -26.742  -1.015 70.8064193726
111544  -60.818  -26.408  -1.357 68.7244186401
111545  -60.386  -26.095  -1.687 67.5280532837
111546  -60.931  -23.511  -2.181 80.9841537476
111547  -60.425  -24.143  -2.250 76.0833511353
111548  -60.057  -23.756  -2.367 77.6584243774
111549  -59.180  -24.019  -2.458 73.2584686279
111550  -58.308  -24.235  -2.559 68.3450927734
111551  -57.494  -24.511  -2.660 62.7512588501
111552  -57.959  -23.891  -2.640 68.8770065308
111553  -57.632  -23.519  -2.730 69.4104080200
113783  -57.350  -7.439  -5.516 79.5712966919
113784  -56.940  -8.146  -5.494 79.3843917847
113785  -56.365  -7.916  -6.126 74.6260757446
113786  -55.397  -8.388  -6.931 67.1631774902
117426  -60.384  -21.422  1.173 60.6144599915
117688  -57.422  -37.313  5.291 74.7298889160
117689  -56.613  -37.248  4.957 74.6393585205
117690  -57.251  -36.847  4.925 75.7692031860
117691  -57.091  -36.440  4.544 76.3610305786
117692  -56.907  -36.126  4.110 77.0071563721
117693  -58.450  -35.673  4.457 78.0386123657
117694  -57.568  -35.754  4.051 78.3045806885
117695  -56.775  -35.899  3.659 77.8171920776
117696  -56.630  -35.668  3.190 78.7625579834
117697  -56.451  -35.427  2.731 77.6115493774
117698  -56.232  -35.129  2.322 76.3882064819
117699  -55.981  -34.844  1.946 75.2909469604
117700  -56.898  -34.747  2.307 79.2618026733
117701  -57.530  -34.347  2.233 81.8356628418
117702  -58.183  -33.970  2.170 83.4378585815
117703  -59.238  -34.104  2.944 83.7305450439
117704  -59.080  -33.871  2.531 84.4124145508
117705  -58.874  -33.624  2.144 85.2428741455
117706  -59.586  -33.294  2.123 85.1747283936
117707  -60.271  -32.912  2.126 83.5418701172
117708  -60.913  -32.536  2.151 82.2014999390
118182  -58.809  -12.628  -4.130 80.2565689087
118183  -58.239  -13.014  -4.810 75.0548095703
118184  -58.190  -12.604  -4.555 78.0711288452
118185  -57.611  -12.513  -4.998 74.2767562866
118186  -57.022  -12.387  -5.453 70.4525222778
118187  -57.497  -11.509  -4.577 81.5577697754
118188  -56.972  -11.894  -5.230 74.0745010376
118189  -56.433  -12.248  -5.932 66.4928207397
118190  -55.787  -12.075  -6.415 62.3518028259
120219  -58.725  -41.234  7.113 61.3254241943
125237  -60.824  -22.271  -2.044 93.2581481934
125238  -60.241  -22.009  -2.113 96.9385604858
125239  -61.049  -21.744  -1.901 97.6100387573
125240  -61.300  -21.204  -1.769 101.7830505371
125241  -61.537  -20.666  -1.670 106.2664566040
125242  -62.621  -20.726  -1.406 100.6888504028
125243  -62.177  -20.433  -1.522 104.9992065430
125244  -61.715  -20.103  -1.641 109.3084869385
125245  -61.953  -19.521  -1.560 109.4289855957
125246  -62.153  -18.970  -1.468 108.5026245117
125247  -62.327  -18.426  -1.382 105.8134460449
125248  -62.270  -17.619  1.564 92.1180725098
125249  -62.650  -17.472  1.315 96.1144638062
125250  -62.368  -17.232  1.574 96.0180664062
125251  -62.422  -16.887  1.459 100.0008316040
125252  -62.529  -16.499  1.362 102.0529632568
125253  -61.802  -16.438  1.876 99.7261810303
125254  -62.252  -16.251  1.570 100.5808792114
125255  -62.610  -16.079  1.195 101.1174774170
125256  -62.577  -15.671  0.972 100.3949584961
125257  -62.560  -15.237  0.687 99.8950881958
125258  -62.458  -14.793  0.315 99.3968734741
125259  -62.275  -14.393  -0.130 96.3694458008
125260  -62.279  -14.463  0.430 98.2487792969
125261  -62.081  -14.161  0.527 97.3768615723
125262  -61.858  -13.864  0.633 95.5617370605
125263  -61.553  -14.510  1.464 97.4781417847
125264  -61.604  -14.038  1.138 95.6207122803
125265  -61.602  -13.580  0.733 92.8346862793
125266  -61.362  -13.354  0.803 90.0071792603
125267  -61.140  -13.052  0.893 87.0912551880
125268  -60.892  -12.759  1.022 84.0514602661
125289  -55.030  -15.426  3.639 59.8939437866
125290  -55.736  -15.055  3.240 64.9772949219
125291  -56.436  -14.668  2.871 68.8020324707
125292  -55.981  -14.514  2.893 63.9820785522
125293  -56.227  -13.915  2.526 62.9310798645
125294  -56.431  -13.253  2.154 62.0429077148
125297  -56.676  -12.566  1.796 61.3707504272
125298  -56.908  -11.881  1.496 60.7448158264
125299  -57.182  -11.121  1.196 60.1982765198
125783  -65.275  -28.121  2.630 60.0690422058
125784  -64.968  -23.613  2.473 71.9724884033
125785  -65.246  -24.085  2.450 69.6308975220
125786  -65.224  -23.677  2.006 74.0202865601
125787  -65.317  -23.822  1.504 76.0209884644
125788  -65.223  -23.972  0.941 76.9853286743
125789  -65.024  -22.938  0.721 79.9733505249
125790  -65.004  -23.492  0.530 78.5417480469
125791  -64.974  -24.165  0.362 77.3609313965
125792  -64.519  -24.367  -0.180 77.5447998047
125793  -63.995  -24.547  -0.658 77.4220199585
125794  -63.323  -24.814  -1.079 76.5643234253
125795  -62.609  -25.063  -1.402 74.8300170898
125796  -62.882  -24.426  -1.393 76.8230133057
125797  -62.444  -24.056  -1.629 78.9018402100
125798  -62.083  -23.677  -1.812 81.1320114136
125799  -63.186  -22.837  -1.257 85.1390457153
125800  -62.511  -23.059  -1.618 85.0215530396
125801  -61.772  -23.288  -1.919 83.5331268311
125802  -61.412  -22.917  -2.004 86.0536117554
125803  -61.091  -22.577  -2.042 89.5903930664
127506  -55.832  -19.423  -3.616 68.5515594482
127507  -54.910  -19.852  -4.013 60.6905555725
127508  -55.208  -19.333  -3.992 62.9468612671
127538  -55.238  -6.638  -8.317 60.8113784790
134681  -64.389  -20.614  0.790 87.6460723877
134682  -64.218  -20.224  0.468 90.8327941895
134683  -64.220  -20.155  0.818 89.3637619019
134684  -64.068  -19.751  0.873 91.4710540771
134685  -63.766  -19.371  0.949 92.3867034912
134686  -63.400  -19.896  1.427 86.4733200073
134687  -63.480  -19.411  1.256 89.1003189087
134688  -63.440  -19.027  1.043 91.6142272949
134689  -63.117  -18.718  1.157 90.5535354614
134690  -62.770  -18.473  1.302 89.4585876465
134691  -62.471  -18.230  1.475 88.6287994385
134692  -60.803  -20.791  1.262 64.3679199219
134693  -61.135  -20.259  1.336 68.0994644165
134694  -61.430  -19.762  1.421 72.6042709351
134695  -60.224  -19.839  1.242 64.2901458740
134696  -60.960  -19.558  1.378 70.3759613037
134697  -61.654  -19.301  1.466 76.6273498535
134698  -61.820  -18.880  1.535 80.2388381958
134699  -61.991  -18.433  1.616 83.8508834839
134700  -62.147  -18.010  1.608 88.0390548706
134701  -61.779  -17.812  1.723 87.4794769287
134702  -61.342  -17.673  1.904 86.7006759644
134703  -60.892  -17.527  2.015 85.7930603027
134704  -60.046  -18.130  1.815 74.4509429932
134705  -60.265  -17.730  1.994 79.7059707642
134706  -60.434  -17.360  2.115 84.8859634399
134707  -59.986  -17.144  2.202 85.1065979004
134708  -59.589  -16.923  2.175 85.9386978149
134709  -59.145  -16.723  2.157 86.5480270386
135175  -64.183  -24.486  3.605 60.3898391724
135176  -64.401  -24.059  3.230 64.9868316650
135183  -63.298  -23.880  3.121 64.1109771729
135184  -63.977  -23.728  3.017 67.1970748901
135185  -64.590  -23.635  2.837 69.7626190186
135186  -64.633  -23.210  2.420 74.5418930054
135187  -64.689  -22.761  2.077 78.1697845459
135188  -64.696  -22.320  1.750 79.7505722046
135189  -63.965  -21.941  2.062 76.6231536865
135190  -64.380  -21.885  1.804 79.0220947266
135191  -64.677  -21.876  1.461 80.9150466919
135192  -64.597  -21.475  1.207 82.5757369995
135193  -64.505  -21.074  1.014 84.8403549194
135397  -52.072  -39.746  4.749 60.9776191711
135398  -51.792  -39.398  4.534 61.7392578125
135399  -53.176  -38.899  4.719 65.9285507202
135400  -52.361  -38.972  4.475 63.7037315369
135401  -51.619  -39.016  4.211 61.3985252380
135402  -51.493  -38.687  3.885 61.0240364075
135403  -51.394  -38.343  3.550 60.5878753662
135404  -51.198  -38.118  3.216 59.6658935547
135405  -55.726  -37.273  4.613 73.8727951050
135406  -54.882  -37.366  4.298 72.1868896484
135407  -54.074  -37.496  4.012 69.6567306519
135408  -54.579  -36.879  3.461 71.4982986450
135409  -53.908  -37.254  3.586 69.2235260010
135410  -53.263  -37.601  3.690 66.9070434570
135411  -52.502  -37.677  3.398 64.1798629761
135412  -51.734  -37.778  3.127 60.8326721191
135433  -55.683  -34.581  1.630 74.3468017578
135434  -55.422  -34.258  1.344 71.2673873901
135435  -55.146  -33.912  1.049 67.7774353027
135436  -56.787  -33.392  1.289 77.0068130493
135437  -55.848  -33.508  1.062 71.0650863647
135438  -54.905  -33.658  0.802 64.4338226318
135439  -54.678  -33.445  0.573 61.1286964417
135444  -56.028  -32.111  0.009 61.1556777954
135445  -57.432  -32.119  0.622 69.5586624146
135446  -57.127  -31.983  0.369 66.0717544556
135447  -56.701  -31.736  0.046 62.7521362305
135448  -57.385  -31.299  0.061 63.9148979187
135449  -58.190  -30.822  0.089 65.1191940308
135450  -58.915  -30.346  0.105 66.5891113281
136734  -58.328  -15.599  -4.326 65.9408645630
136735  -57.368  -15.971  -4.663 62.3332939148
136736  -57.658  -15.534  -4.791 62.4258956909
136739  -57.431  -14.606  -5.670 60.4326820374
136745  -57.739  -13.302  -5.574 68.6983413696
136746  -57.162  -13.465  -6.341 62.1948661804
142106  -53.821  -40.140  5.417 61.6579170227
142107  -54.331  -39.755  5.431 64.5401382446
142108  -55.340  -40.311  5.778 64.5118637085
142109  -55.120  -39.821  5.629 65.8917846680
142110  -54.894  -39.335  5.494 67.1517410278
142111  -55.535  -38.929  5.524 69.8114013672
142112  -56.218  -38.517  5.559 71.6921691895
142113  -56.908  -38.128  5.602 72.6412811279
142114  -58.529  -40.763  6.811 65.2545852661
142115  -58.294  -40.227  6.526 67.5885086060
142116  -58.139  -39.703  6.294 68.6780395508
142117  -59.572  -39.440  6.511 66.2916717529
142118  -58.804  -39.292  6.334 68.5202102661
142119  -57.994  -39.197  6.135 69.9298248291
142120  -57.854  -38.706  6.000 71.3812179565
142121  -57.741  -38.214  5.832 72.5792388916
142122  -57.597  -37.747  5.573 73.6276702881
142123  -58.295  -37.395  5.534 74.0215682983
142124  -58.997  -37.028  5.500 74.1415100098
142125  -59.686  -36.645  5.474 74.2981796265
142126  -60.527  -37.234  5.877 71.5384902954
142127  -60.443  -36.755  5.685 72.3983764648
142128  -60.326  -36.267  5.468 73.3758850098
142129  -60.988  -35.896  5.449 72.4510269165
142130  -61.662  -35.529  5.410 71.5429916382
142131  -62.316  -35.154  5.360 68.5872421265
143370  -59.599  -8.156  -2.655 85.8273925781
143371  -59.139  -8.394  -3.300 89.0243835449
143372  -59.338  -7.837  -3.144 86.2060317993
143373  -59.051  -7.572  -3.711 85.0546112061
143374  -58.672  -7.330  -4.310 83.4251556396
143375  -59.361  -6.445  -3.548 79.2687988281
143376  -58.933  -6.747  -4.247 82.0738601685
143377  -58.245  -7.090  -4.918 81.8234100342
143378  -57.751  -6.826  -5.506 79.0654296875
143379  -57.190  -6.636  -6.126 75.8393020630
143380  -56.620  -6.467  -6.794 72.1455383301
143381  -59.313  -4.535  -3.357 63.0903511047
143382  -59.259  -4.713  -3.905 66.2627944946
143383  -58.992  -4.937  -4.567 69.5481948853
143384  -58.761  -4.183  -5.265 67.3096237183
143385  -58.680  -4.697  -5.218 69.6099014282
143386  -58.521  -5.171  -5.291 72.6726226807
143387  -57.840  -5.488  -6.041 75.1246643066
143388  -56.933  -5.828  -6.839 72.9065628052
143389  -56.069  -6.255  -7.511 67.1751785278
143390  -55.578  -6.038  -8.357 62.1010856628
155096  -56.225  -22.511  -3.097 65.5207519531
155097  -55.712  -22.185  -3.299 63.3289909363
155098  -55.116  -21.909  -3.527 59.7975196838
155099  -55.425  -21.366  -3.447 64.0830612183
155100  -55.762  -20.844  -3.360 68.3144226074
155101  -56.039  -20.293  -3.334 71.9735107422
155102  -59.651  -21.723  -2.177 100.5381088257
155103  -59.113  -21.412  -2.221 98.6755905151
155104  -58.573  -21.072  -2.385 95.5933761597
155105  -59.665  -20.282  -2.087 103.5259399414
155106  -58.851  -20.507  -2.314 98.2309722900
155107  -58.026  -20.732  -2.571 92.3326110840
155108  -57.471  -20.409  -2.772 88.0321884155
155109  -56.911  -20.077  -3.017 81.6345214844
155110  -56.345  -19.736  -3.287 75.1259460449
155111  -56.658  -19.208  -3.241 76.6823043823
155112  -56.968  -18.716  -3.211 76.6552581787
155113  -57.225  -18.246  -3.222 76.3920288086
155114  -58.642  -18.349  -2.507 90.9289703369
155115  -58.071  -18.072  -2.847 83.7068710327
155116  -57.576  -17.779  -3.264 76.3799819946
155117  -57.883  -17.290  -3.364 75.1719741821
155118  -58.164  -16.745  -3.495 73.6959228516
155119  -58.458  -16.199  -3.667 72.3462142944
155120  -64.051  -19.880  0.165 94.3578796387
155121  -63.829  -19.516  -0.184 97.6736907959
155122  -63.602  -19.208  -0.503 100.0513992310
155123  -63.658  -18.658  0.058 98.3755187988
155124  -63.578  -18.762  -0.353 100.4767837524
155125  -63.400  -18.885  -0.727 102.1169204712
155126  -63.113  -18.569  -0.924 103.9346694946
155127  -62.804  -18.251  -1.089 105.7401351929
155128  -62.495  -17.934  -1.274 103.7445602417
155129  -62.966  -17.382  0.971 99.2377853394
155130  -63.207  -17.370  0.594 101.8300628662
155131  -63.268  -17.357  0.154 104.0751037598
155132  -63.074  -16.627  0.243 103.6918029785
155133  -63.140  -17.010  -0.041 104.2657089233
155134  -63.182  -17.396  -0.307 105.0211410522
155135  -62.940  -17.480  -0.752 104.1448059082
155136  -62.578  -17.590  -1.107 102.9608612061
155137  -62.108  -17.813  -1.387 101.3715362549
155138  -61.744  -17.565  -1.529 98.8933029175
155139  -61.317  -17.295  -1.700 96.2210388184
155140  -60.804  -17.007  -1.955 91.7623825073
155141  -61.543  -16.293  -1.612 94.9493179321
155142  -60.944  -16.510  -1.990 90.9957275391
155143  -60.290  -16.676  -2.333 86.7570648193
155144  -59.763  -16.289  -2.742 81.4175186157
155145  -59.266  -15.972  -3.255 76.3072814941
155146  -58.799  -15.766  -3.777 71.1745910645
155147  -59.047  -15.303  -3.931 71.4267349243
155148  -59.248  -14.869  -4.075 72.1458663940
155149  -59.487  -14.603  -4.136 73.0416107178
155150  -60.572  -14.531  -3.060 80.8531570435
155151  -60.122  -14.371  -3.640 77.7212295532
155152  -59.611  -14.258  -4.155 74.2519378662
155153  -59.607  -13.926  -4.158 75.7315139771
155154  -59.589  -13.567  -4.094 77.3628158569
155155  -59.560  -13.210  -3.943 79.3673171997
155156  -62.061  -14.021  -0.657 93.2535476685
155157  -61.729  -13.723  -1.281 89.9692077637
155158  -61.393  -13.490  -1.859 87.8954544067
155159  -61.527  -13.109  -1.072 90.7281341553
155160  -61.351  -13.204  -1.745 88.8403625488
155161  -61.068  -13.331  -2.422 86.4033203125
155162  -60.613  -13.181  -2.928 84.6425323486
155163  -60.074  -13.019  -3.411 82.9800643921
155164  -59.449  -12.821  -3.818 81.7516174316
155165  -59.388  -12.432  -3.530 84.5944671631
155166  -59.354  -12.019  -3.326 87.9320373535
155167  -59.318  -11.571  -3.149 90.8558731079
155168  -60.187  -11.747  -2.216 87.8243255615
155169  -59.739  -11.447  -2.584 89.2961502075
155170  -59.295  -11.077  -2.920 90.8071212769
155171  -59.403  -10.489  -2.722 91.2846374512
155172  -59.545  -9.858  -2.484 91.9169311523
155173  -59.692  -9.244  -2.329 89.7178192139
155193  -57.211  -18.595  1.403 61.3135986328
155194  -57.544  -18.173  1.605 66.9395599365
155195  -56.210  -18.137  1.583 62.6368255615
155196  -57.024  -17.955  1.669 68.1525268555
155197  -57.815  -17.770  1.801 72.4858474731
155198  -58.072  -17.371  1.969 77.4911041260
155199  -58.374  -16.958  2.083 82.2603607178
155200  -58.683  -16.535  2.158 86.9521026611
155219  -54.537  -17.824  2.663 60.4090652466
155220  -55.283  -17.451  2.446 67.4334716797
155221  -56.023  -17.114  2.295 72.1209564209
155222  -55.993  -16.701  2.665 73.5568084717
155223  -56.359  -16.774  2.421 74.8941802979
155224  -56.735  -16.859  2.232 76.1254272461
155225  -57.455  -16.640  2.229 81.0413665771
155226  -58.250  -16.360  2.201 86.7851867676
155227  -58.983  -16.103  2.229 91.6844329834
155228  -59.256  -15.664  2.314 92.7053985596
155229  -59.522  -15.143  2.265 92.1025466919
155230  -59.817  -14.566  2.143 91.4795379639
155231  -58.888  -14.709  2.389 86.6383895874
155232  -59.505  -14.351  2.211 89.1436233521
155233  -60.105  -14.026  1.963 90.7815856934
155234  -60.355  -13.550  1.718 87.6067199707
155235  -60.530  -12.993  1.484 84.3053665161
155236  -60.626  -12.471  1.144 80.8655624390
155237  -57.185  -14.187  2.565 71.7164916992
155238  -57.922  -13.721  2.299 73.9619064331
155239  -58.636  -13.260  2.058 75.9102859497
155240  -58.451  -12.425  1.791 70.0220031738
155241  -58.886  -12.636  1.834 73.5059738159
155242  -59.300  -12.847  1.841 77.0270004272
155243  -59.889  -12.462  1.569 77.5318222046
155244  -60.363  -12.169  1.232 77.5530700684
155245  -60.679  -11.981  0.788 79.3517608643
155246  -60.666  -11.516  0.441 79.3640594482
155247  -60.588  -11.089  0.007 79.3793640137
155248  -60.437  -10.621  -0.435 79.9164657593
155249  -60.140  -10.216  0.140 76.1075210571
155250  -60.282  -10.140  -0.317 79.0238265991
155251  -60.298  -10.143  -0.866 82.3804168701
155252  -60.141  -9.663  -1.326 84.4870529175
155253  -60.024  -9.142  -1.742 86.2668228149
155254  -59.817  -8.618  -2.193 85.9028396606
155255  -59.883  -8.076  -2.066 82.7968597412
155256  -59.886  -7.598  -1.947 80.3640823364
155257  -59.801  -7.119  -1.878 76.1021118164
155258  -59.759  -7.744  -0.916 72.9877090454
155259  -59.734  -7.205  -1.343 71.9978027344
155260  -59.680  -6.684  -1.818 70.9605331421
155261  -59.501  -6.275  -1.791 65.9881744385
155262  -59.289  -5.883  -1.800 61.2508659363
156381  -63.388  -36.635  6.341 60.9224891663
156384  -63.328  -36.100  6.119 62.6642837524
156385  -63.193  -35.605  5.883 63.5387001038
156386  -63.012  -35.141  5.589 64.6651229858
156387  -62.863  -34.677  5.212 66.0888214111
156467  -63.279  -34.188  5.007 64.0517654419
156468  -62.668  -34.229  4.786 67.7621307373
156469  -62.484  -33.862  4.398 69.4322280884
156470  -62.331  -33.542  3.992 71.0357818604
156471  -62.167  -33.250  3.538 72.5210037231
156472  -63.330  -32.711  3.754 63.1552925110
156473  -62.701  -32.827  3.407 68.7049484253
156474  -61.965  -32.977  3.121 74.3106460571
156475  -61.781  -32.722  2.759 76.2382049561
156476  -61.640  -32.421  2.422 78.2002410889
156477  -61.524  -32.101  2.113 80.2537307739
156480  -64.131  -31.264  3.049 62.6042098999
156481  -64.432  -30.495  2.775 63.0468902588
156482  -64.000  -31.011  2.649 65.5918960571
156483  -63.600  -31.461  2.629 68.3835983276
156484  -62.896  -31.604  2.333 73.4795913696
156485  -62.183  -31.742  2.111 78.1562347412
156486  -61.430  -31.813  1.869 81.8152923584
156487  -61.272  -31.537  1.650 79.5019378662
156488  -61.019  -31.242  1.360 77.4907836914
156489  -60.713  -30.984  1.096 75.7047271729
156490  -62.194  -30.367  1.176 75.8963775635
156491  -61.319  -30.524  0.983 75.6680831909
156492  -60.457  -30.693  0.808 74.1048355103
156493  -60.191  -30.390  0.517 72.3319702148
156494  -59.857  -30.073  0.272 70.2553939819
156495  -59.529  -29.758  0.042 68.2026290894
156504  -65.258  -27.842  2.170 63.6268730164
156505  -65.447  -24.583  2.396 67.5252151489
156506  -65.570  -25.164  2.300 66.2158737183
156507  -65.610  -25.751  2.174 66.3627243042
156508  -65.332  -25.588  1.129 71.4587631226
156509  -65.511  -25.975  1.588 69.0131530762
156510  -65.542  -26.321  2.037 67.1504211426
156511  -65.387  -26.901  1.907 67.6239852905
156512  -65.175  -27.533  1.790 67.6857147217
156513  -64.854  -28.088  1.711 68.7389144897
156514  -64.371  -28.325  1.251 73.7879714966
156515  -63.732  -28.506  0.836 78.4390335083
156516  -62.963  -28.648  0.520 78.9146957397
156517  -63.345  -27.666  0.189 76.1543579102
156518  -62.791  -28.222  0.230 77.5201950073
156519  -62.098  -28.816  0.305 76.3425674438
156520  -61.145  -29.001  0.136 73.3450622559
156521  -60.189  -29.187  -0.028 69.9188385010
156522  -59.236  -29.395  -0.207 66.1943664551
156523  -58.912  -29.024  -0.481 64.2589492798
156524  -58.511  -28.666  -0.755 62.3052520752
156525  -58.124  -28.302  -1.030 60.2172050476
156526  -59.755  -27.512  -1.009 65.8184051514
156527  -58.750  -27.732  -1.163 61.9204788208
156532  -61.837  -25.326  -1.625 72.6439895630
156533  -60.917  -25.541  -1.807 70.3718643188
156534  -59.980  -25.779  -1.965 67.4235000610
156535  -60.002  -24.771  -2.226 71.5463790894
156536  -59.561  -25.379  -2.160 67.4525375366
156537  -59.030  -25.963  -2.061 63.8036155701
156538  -58.104  -26.142  -2.157 60.0326652527
161008  -58.456  -8.871  -3.903 90.8421020508
161009  -57.653  -9.261  -4.522 85.6442108154
161010  -56.814  -9.719  -5.183 79.6922988892
161011  -56.520  -8.819  -5.633 77.1972808838
161012  -56.230  -9.508  -5.736 75.0810165405
161013  -56.024  -10.182  -5.856 72.5440597534
161014  -55.319  -10.567  -6.569 64.5151824951
