#!ascii label  , from subject fsaverage vox2ras=TkReg
1116
28  -48.046  -11.602  -9.635 15.3007850647
330  -55.761  -3.724  -3.521 28.1633167267
433  -48.608  -0.540  -15.779 14.1729211807
534  -51.685  -14.526  2.526 18.6195812225
535  -45.891  -20.496  -4.601 14.1863775253
810  -51.071  -7.222  -6.111 32.4651145935
811  -56.555  0.615  -6.742 24.0979461670
812  -52.055  -1.086  -8.672 29.7221393585
1175  -48.548  -16.974  -0.628 20.2006225586
1746  -59.142  -4.935  -2.337 15.6878671646
1969  -48.842  -6.259  -12.516 26.0119342804
2241  -56.187  -15.174  3.125 18.5397319794
2242  -58.145  -9.877  0.725 19.6977615356
2243  -53.669  -9.530  -0.883 23.4360523224
2244  -49.984  -12.342  -3.235 26.1391143799
2245  -47.057  -16.359  -7.110 16.9830837250
2730  -49.661  -9.534  -7.845 24.8637599945
2731  -51.720  -4.092  -7.343 33.5704803467
2732  -50.184  -6.500  -8.979 29.6854476929
3870  -57.800  -3.782  -2.788 21.5715637207
3871  -58.903  -3.506  -4.561 14.9261674881
3872  -58.075  -1.975  -4.564 19.9089698792
3873  -56.201  2.512  -8.807 18.7299270630
3874  -56.987  0.969  -9.129 15.0440034866
4960  -51.146  -16.375  4.422 13.7203607559
4961  -53.573  -16.771  4.658 15.0950727463
4962  -54.107  -14.730  3.247 19.4562740326
4963  -57.186  -12.717  1.907 22.1991558075
4964  -55.030  -12.337  1.319 22.3200721741
4965  -56.063  -9.484  -0.088 20.8344974518
4966  -52.700  -12.275  0.670 21.9416942596
4967  -47.542  -18.956  -2.607 18.5468559265
4968  -49.329  -14.858  -1.969 24.8697471619
4969  -48.313  -16.916  -3.925 23.2604866028
4970  -48.792  -14.553  -5.196 22.8802051544
4971  -46.544  -18.463  -5.883 18.5157470703
5513  -48.875  -3.366  -14.039 22.1525154114
5514  -50.527  -0.760  -12.274 21.7184486389
5515  -50.277  2.188  -14.189 13.8492059708
6066  -53.138  -5.106  -4.501 33.0240898132
6067  -56.551  -1.436  -5.006 26.7652778625
6068  -54.131  -2.193  -5.917 33.1841049194
6069  -54.433  0.547  -7.551 29.4250316620
6070  -54.367  3.093  -9.225 19.2941017151
6723  -49.706  -15.109  1.221 19.0372829437
7919  -57.694  -0.406  -6.967 18.1599121094
8497  -48.536  -9.009  -11.043 23.0563030243
8498  -46.811  -10.835  -12.571 14.1293926239
8499  -47.149  -8.277  -13.985 19.9879741669
8500  -47.354  -5.487  -15.342 17.0456581116
9280  -56.435  -17.220  2.093 12.9512519836
9282  -54.967  -17.062  3.299 14.9193525314
9283  -57.792  -15.627  2.491 15.3835248947
9284  -59.023  -13.465  2.070 16.3194923401
9285  -59.813  -10.992  0.952 15.3358983994
9286  -59.967  -8.674  -0.553 12.2022333145
9287  -58.872  -7.303  -0.571 15.3697881699
9288  -57.200  -6.452  -1.241 20.4640407562
9289  -54.758  -6.606  -2.200 26.1924133301
9290  -50.626  -13.043  -0.328 23.6350479126
9291  -51.394  -10.423  -1.573 26.2617950439
9292  -52.319  -7.771  -2.975 29.7315654755
9293  -50.604  -9.884  -4.640 28.8962841034
9294  -49.206  -12.221  -6.535 22.1564636230
9295  -47.524  -14.026  -8.338 13.6551914215
9946  -50.479  -3.648  -10.508 28.5204467773
9947  -51.773  1.615  -10.360 19.6708316803
10410  -48.900  -10.597  -8.787 20.0360851288
10411  -49.966  -7.997  -8.391 27.4015846252
10412  -49.266  -9.108  -9.286 23.2514762878
11550  -56.876  -3.535  -3.209 24.5435581207
11551  -58.047  -2.781  -3.627 20.7938251495
11552  -57.324  -2.478  -3.879 23.7441291809
11553  -55.907  3.276  -9.971 14.5689945221
11554  -56.356  2.474  -10.033 13.8887739182
12640  -51.302  -15.459  3.513 16.2776889801
12641  -52.634  -15.541  3.948 17.0295639038
12642  -52.851  -14.615  2.947 19.1196365356
12643  -54.479  -13.645  2.251 21.7231121063
12644  -53.316  -13.501  1.920 21.0123443604
12645  -53.811  -12.312  1.015 21.6956253052
12646  -52.212  -13.497  1.606 20.7870559692
12647  -46.754  -19.884  -3.620 16.6492137909
12648  -47.936  -17.989  -3.312 21.8007469177
12649  -47.143  -18.839  -4.289 19.7088394165
12650  -47.462  -17.795  -4.898 21.2301788330
12651  -46.215  -19.537  -5.251 16.9700050354
13193  -48.783  -1.911  -14.856 18.2314682007
13194  -49.616  -0.595  -14.117 18.8414192200
13195  -49.450  0.749  -15.046 14.6656808853
13950  -51.989  -5.989  -5.294 33.7895355225
13951  -53.666  -3.657  -5.185 33.4998741150
13952  -52.486  -4.473  -5.950 34.3871879578
13953  -51.941  -2.604  -7.976 32.6413688660
13954  -53.045  -1.555  -7.372 33.1407546997
13955  -53.164  -0.069  -8.145 30.4415817261
13956  -54.506  1.948  -8.422 24.3954963684
13957  -53.263  1.432  -8.885 24.9827690125
17370  -59.466  -5.743  -2.276 13.4401750565
17372  -59.385  -4.992  -3.316 13.2031364441
17373  -58.432  -2.940  -5.953 13.4252433777
17378  -56.612  -0.417  -5.853 25.5340881348
17379  -57.422  -0.673  -5.742 22.0891056061
17380  -57.255  0.219  -6.798 21.3227100372
18724  -46.132  -10.309  -13.985 12.6579103470
18725  -46.316  -9.098  -14.627 14.8100566864
18726  -47.291  -6.900  -14.656 19.3195514679
18727  -46.473  -7.797  -15.270 14.7548322678
20639  -54.911  -17.818  2.292 12.1746826172
20643  -54.835  -15.932  3.835 17.1187858582
20644  -54.389  -16.962  4.046 15.1472663879
20645  -55.630  -16.145  3.317 16.6340770721
20646  -56.359  -16.288  2.755 15.8290405273
20647  -57.079  -15.360  2.765 17.3792896271
20648  -58.467  -14.580  2.432 15.9832506180
20649  -57.645  -14.304  2.529 19.1161098480
20650  -57.692  -11.304  1.348 22.1141395569
20651  -58.695  -11.747  1.544 21.3442764282
20652  -59.041  -10.405  0.938 19.5065746307
20653  -59.910  -9.875  0.221 14.1921920776
20654  -59.291  -9.122  0.250 16.2741260529
20655  -59.495  -7.933  -0.509 13.2209186554
20656  -58.551  -8.530  0.099 16.8761386871
20657  -54.943  -9.401  -0.553 21.9061107635
20658  -56.692  -7.953  -0.641 20.0097026825
20659  -55.502  -7.926  -1.184 22.1500701904
20660  -56.037  -6.341  -1.763 23.4499988556
20661  -54.149  -8.075  -1.546 24.3166065216
20662  -48.967  -15.917  0.338 19.6699409485
20663  -50.179  -14.144  0.433 21.9855251312
20664  -49.421  -14.966  -0.374 22.9021930695
20665  -49.649  -13.703  -2.619 25.6098213196
20666  -50.230  -12.621  -1.694 25.5247249603
20667  -50.560  -11.378  -2.334 26.5340366364
20668  -51.825  -9.145  -2.209 27.5722942352
20669  -50.887  -10.089  -2.992 27.9771747589
20670  -51.320  -8.754  -3.723 30.2274036407
20671  -50.282  -11.181  -3.896 27.1889286041
20672  -47.951  -15.522  -6.151 20.1137447357
20673  -49.015  -13.391  -5.857 22.2488994598
20674  -48.151  -14.342  -6.775 18.6778240204
20675  -48.412  -13.126  -7.424 17.7477321625
20676  -47.274  -15.214  -7.735 15.1439180374
22298  -48.697  -7.638  -11.780 25.2372894287
22299  -49.624  -6.386  -10.793 28.1827926636
22300  -49.763  -4.967  -11.550 27.6686668396
22301  -51.020  1.916  -12.177 15.7466306686
22302  -51.086  0.496  -11.211 20.3312797546
22303  -51.739  2.953  -11.268 14.6407365799
22304  -52.754  3.811  -10.531 14.1112899780
23346  -50.352  -8.440  -6.969 29.2320499420
23347  -51.454  -5.618  -6.711 33.3793373108
23348  -50.658  -6.859  -7.499 30.8812828064
23349  -50.833  -5.340  -8.094 31.8663921356
23350  -50.997  -3.812  -8.694 31.7181510925
25398  -58.602  -4.241  -2.519 18.2554168701
25399  -59.129  -4.143  -3.345 15.5680837631
25400  -58.687  -3.368  -3.477 18.1624259949
25401  -58.562  -2.646  -4.523 17.5627326965
25402  -58.235  -1.991  -5.893 16.0163345337
25403  -56.354  1.571  -7.752 21.8703422546
25404  -57.038  1.060  -7.786 19.9637699127
25405  -56.740  1.826  -8.851 17.4477863312
25406  -56.523  1.503  -10.377 12.1545286179
27361  -52.291  -17.629  5.271 12.9636306763
27362  -52.499  -16.557  4.828 14.8203048706
27363  -53.822  -15.703  4.163 17.2300243378
27364  -55.260  -14.887  3.296 19.3030185699
27365  -56.720  -14.051  2.592 20.8828086853
27366  -55.655  -13.796  2.434 21.8201141357
27367  -56.142  -12.460  1.675 22.7495269775
27368  -56.659  -10.988  0.984 22.2025299072
27369  -57.119  -9.625  0.421 20.1996498108
27370  -55.551  -10.941  0.549 21.9328880310
27371  -54.329  -10.913  0.170 21.9104576111
27372  -53.180  -10.950  -0.137 22.7270698547
27373  -48.143  -17.976  -1.629 19.7693405151
27374  -48.971  -15.963  -1.346 23.5261993408
27375  -48.551  -17.002  -2.283 23.1945056915
27376  -48.928  -15.894  -2.922 24.5926456451
27377  -49.187  -14.832  -3.588 25.0324420929
27378  -49.454  -13.517  -4.205 24.9637165070
27379  -48.566  -15.802  -4.587 23.4205036163
27380  -47.710  -16.695  -5.566 21.0978584290
27381  -46.837  -17.394  -6.482 18.2305717468
28355  -48.909  -4.813  -13.271 25.1551151276
28356  -49.851  -3.513  -12.409 25.8325939178
28357  -49.782  -2.058  -13.249 22.8280563354
28358  -50.366  0.652  -13.174 17.6749458313
28359  -50.924  3.343  -13.224 12.1713371277
29514  -54.427  -4.303  -3.928 30.9742088318
29515  -56.263  -2.491  -4.147 27.8186225891
29516  -54.981  -2.963  -4.548 31.0064144135
29517  -55.382  -1.672  -5.309 30.1903247833
29518  -55.544  -0.471  -6.134 29.0752964020
29519  -52.862  -3.017  -6.665 34.3261222839
29520  -54.270  -0.863  -6.672 31.8909893036
29521  -55.548  0.800  -7.046 27.3375587463
29522  -55.531  1.925  -8.008 23.8397560120
29523  -55.478  2.979  -8.930 19.3259544373
29524  -55.173  3.910  -9.912 14.3069171906
31045  -49.781  -16.363  3.756 12.2240619659
31046  -50.200  -15.499  2.853 15.5950155258
31047  -50.625  -14.553  1.994 18.4201507568
31048  -49.210  -15.896  2.057 15.6490364075
31049  -48.537  -16.718  1.113 15.8709497452
31050  -48.045  -17.728  0.139 16.1137828827
31053  -47.628  -18.886  -0.888 15.3376979828
31054  -47.119  -19.885  -1.920 14.1411266327
31055  -46.329  -20.761  -2.932 12.4863357544
34103  -59.027  -4.446  -4.570 12.3128805161
34109  -57.396  -1.525  -4.765 22.8596286774
34110  -57.883  -1.159  -5.785 18.9281692505
34111  -57.889  -1.337  -7.262 14.4824504852
34112  -57.351  0.334  -7.980 17.1295433044
34113  -57.427  -0.682  -8.417 13.3623676300
35761  -48.336  -10.307  -10.350 18.6853504181
35762  -47.458  -11.216  -11.165 14.1669054031
35763  -47.688  -9.943  -11.858 18.5510368347
35764  -47.926  -8.537  -12.516 21.6188621521
35766  -47.004  -9.613  -13.286 17.4777584076
35767  -48.019  -7.267  -13.232 23.4041519165
35768  -48.068  -5.828  -13.980 22.9609260559
35769  -48.095  -4.444  -14.696 19.9838981628
35770  -48.052  -2.952  -15.495 16.4165096283
35777  -46.492  -6.589  -15.960 13.5546607971
35778  -47.271  -4.209  -16.100 13.9816484451
35779  -47.911  -1.577  -16.358 12.7795915604
38080  -57.891  -16.782  2.132 12.5235214233
38084  -53.254  -17.850  4.796 13.2617845535
38085  -53.740  -17.939  4.018 13.2269687653
38086  -54.241  -17.871  3.088 12.8244657516
38087  -55.618  -17.087  2.587 14.4022798538
38088  -57.067  -16.510  2.352 14.1834316254
38089  -58.554  -15.939  2.285 13.6169357300
38090  -59.173  -14.916  2.298 13.3595876694
38091  -59.786  -13.849  2.024 12.9278020859
38092  -60.222  -12.705  1.530 12.2800369263
38093  -58.222  -13.086  2.057 20.4383850098
38094  -59.517  -12.221  1.595 16.4217910767
38100  -59.519  -6.799  -1.333 13.1489801407
38101  -59.006  -6.116  -1.394 15.7630405426
38102  -57.650  -8.210  -0.174 18.4217243195
38103  -58.095  -6.811  -0.856 17.8894672394
38104  -58.362  -5.475  -1.604 18.2120189667
38105  -57.609  -5.018  -1.907 21.0391368866
38106  -56.490  -4.890  -2.415 24.2978839874
38107  -55.355  -5.060  -2.893 27.5355682373
38108  -51.093  -13.659  1.116 20.9797248840
38109  -51.605  -12.518  0.277 22.5338649750
38110  -52.055  -11.256  -0.490 23.7535610199
38111  -49.843  -13.855  -1.066 24.4345798492
38112  -50.997  -11.793  -0.966 24.9731044769
38113  -52.444  -9.818  -1.109 24.8865146637
38114  -52.942  -8.456  -1.778 26.1280345917
38115  -53.490  -7.080  -2.509 28.2590179443
38116  -54.043  -5.644  -3.220 29.9416255951
38117  -52.787  -6.412  -3.733 31.6398067474
38118  -51.628  -7.491  -4.501 32.3545989990
38119  -50.863  -8.543  -5.423 30.8047237396
38120  -49.718  -12.314  -4.868 25.2404861450
38121  -49.967  -11.041  -5.580 26.0794124603
38122  -50.178  -9.705  -6.298 27.4359931946
38123  -49.507  -10.747  -7.179 22.8011455536
38124  -48.648  -11.884  -8.084 17.7192611694
38125  -47.790  -12.819  -8.953 13.1405353546
38198  -45.079  -20.159  -6.330 13.8345785141
38199  -45.329  -19.251  -6.984 15.1566028595
38200  -45.647  -18.249  -7.569 14.8132200241
38203  -45.911  -17.223  -8.199 13.5418395996
40072  -49.449  -7.771  -10.031 26.8825912476
40073  -50.320  -5.084  -9.737 30.4144420624
40074  -51.094  -2.321  -9.532 29.0089988708
40075  -50.595  -2.222  -11.385 25.5027732849
40076  -51.107  -0.851  -10.367 24.8979988098
40077  -51.978  0.350  -9.505 24.7724685669
40078  -53.020  2.665  -9.719 19.4916553497
40079  -53.999  4.167  -10.113 14.0799283981
41130  -48.485  -11.129  -9.223 17.6356124878
41131  -49.122  -9.818  -9.006 21.4025859833
41132  -48.740  -10.331  -9.446 19.0646266937
42270  -56.341  -3.588  -3.359 26.2458553314
42271  -57.108  -2.983  -3.536 24.0947360992
42272  -56.602  -3.009  -3.664 25.8959922791
42273  -55.661  3.639  -10.618 12.2614135742
43360  -51.479  -14.996  3.049 17.5510864258
43361  -52.082  -15.038  3.272 17.9008636475
43362  -52.239  -14.580  2.774 18.8654708862
43363  -53.073  -14.059  2.421 20.0713024139
43364  -52.490  -14.017  2.239 19.8972911835
43365  -52.756  -13.498  1.778 20.8903903961
43366  -51.930  -14.041  2.065 19.7514381409
43367  -46.342  -20.199  -4.083 15.4334583282
43368  -46.953  -19.369  -3.958 18.7232513428
43369  -46.528  -19.694  -4.435 17.4023132324
43370  -46.687  -19.202  -4.774 18.3793506622
43371  -46.065  -20.009  -4.922 16.0254859924
43913  -48.696  -1.211  -15.307 16.1423091888
43914  -49.118  -0.581  -14.965 16.6416397095
43915  -49.039  0.095  -15.452 14.5654287338
44670  -51.489  -6.678  -5.702 33.1622390747
44671  -52.266  -5.229  -5.609 34.0814132690
44672  -51.704  -5.830  -6.021 33.5229492188
44673  -51.961  -1.884  -8.305 31.1774272919
44674  -52.489  -1.277  -8.056 31.4571456909
44675  -52.544  -0.508  -8.433 30.0531539917
44676  -53.200  0.705  -8.547 27.6919345856
44677  -52.648  0.254  -8.795 27.4771327972
48090  -59.325  -5.330  -2.304 14.6058263779
48091  -59.449  -5.344  -2.761 13.3911418915
48092  -59.351  -4.901  -2.818 14.4680948257
48093  -58.196  -2.659  -6.695 12.4136333466
48098  -56.593  0.112  -6.292 24.7694892883
48099  -57.014  -0.030  -6.289 23.3551979065
48100  -56.927  0.455  -6.774 22.7734985352
49445  -45.845  -9.485  -14.895 12.3606529236
49446  -46.466  -8.414  -14.920 15.0963115692
49447  -45.939  -8.931  -15.233 12.9042081833
51363  -55.492  -15.561  3.463 17.8365325928
51364  -55.246  -16.079  3.582 16.8766403198
51365  -55.927  -15.680  3.255 17.5198612213
51366  -56.351  -15.740  3.018 17.2094039917
51367  -56.655  -15.269  2.934 18.1765022278
51368  -57.393  -14.851  2.699 18.2335739136
51369  -56.902  -14.756  2.804 19.2778339386
51370  -57.932  -10.569  1.053 20.8786487579
51371  -58.405  -10.811  1.177 20.8606452942
51372  -58.609  -10.116  0.852 19.5941638947
51373  -59.187  -9.741  0.583 18.2207069397
51374  -58.773  -9.435  0.536 18.1238384247
51375  -58.947  -8.807  0.191 16.4424419403
51376  -58.331  -9.209  0.441 18.2792758942
51377  -54.317  -9.417  -0.763 22.6643066406
51378  -55.217  -8.674  -0.872 22.0173072815
51379  -54.582  -8.695  -1.082 22.9364681244
51380  -54.838  -7.939  -1.390 23.2220287323
51381  -53.907  -8.766  -1.218 23.8680629730
51382  -48.741  -16.429  -0.163 20.0028610229
51383  -49.204  -15.486  -0.061 21.6156177521
51384  -48.968  -16.003  -0.526 22.0631065369
51385  -49.817  -13.054  -2.935 25.8213977814
51386  -50.060  -12.567  -2.490 26.1455821991
51387  -50.209  -11.924  -2.808 26.6091785431
51388  -50.679  -10.753  -2.647 27.2448806763
51389  -50.384  -11.235  -3.096 27.2399024963
51390  -50.553  -10.614  -3.429 27.8560047150
51391  -50.131  -11.743  -3.539 26.6772689819
51392  -47.507  -15.960  -6.632 18.6477718353
51393  -48.046  -14.954  -6.470 19.4370231628
51394  -47.594  -15.420  -6.952 17.7987804413
51395  -47.716  -14.790  -7.251 16.9139804840
51396  -47.165  -15.800  -7.433 16.0919075012
53018  -48.754  -7.006  -12.127 26.3086929321
53019  -49.264  -6.294  -11.662 27.4386577606
53020  -49.322  -5.618  -12.047 26.9771785736
53021  -51.321  3.174  -12.209 13.3001871109
53022  -51.344  2.465  -11.669 15.1476421356
53023  -51.699  3.636  -11.769 12.7148733139
53024  -52.158  4.094  -11.418 12.2679996490
54270  -50.021  -8.995  -7.422 27.2684345245
54271  -50.548  -7.589  -7.224 30.0750026703
54272  -50.177  -8.205  -7.671 28.2724876404
54273  -50.099  -7.253  -8.685 28.8385887146
54274  -50.433  -6.623  -8.261 30.4047412872
54275  -50.487  -5.924  -8.522 30.8434314728
54276  -50.911  -4.586  -8.381 31.9065074921
54277  -50.594  -5.145  -8.827 31.0209026337
57690  -58.186  -3.996  -2.636 19.8211250305
57691  -58.674  -3.785  -2.967 18.3471126556
57692  -58.373  -3.482  -3.086 19.7257823944
57693  -58.078  -2.368  -4.086 20.4335575104
57694  -58.379  -2.647  -4.029 19.1706047058
57695  -58.321  -2.271  -4.554 18.6854228973
57696  -58.400  -2.332  -5.210 16.8528919220
57697  -58.233  -1.935  -5.111 17.9977531433
57698  -56.263  2.070  -8.272 20.3940830231
57699  -56.614  1.753  -8.260 19.6546249390
57700  -56.497  2.193  -8.801 18.1881465912
57702  -56.447  2.031  -10.173 13.2404012680
60960  -51.048  -16.880  4.814 12.6078996658
60961  -51.723  -16.985  5.024 13.5774135590
60962  -51.851  -16.497  4.692 14.5325775146
60963  -53.316  -15.124  3.646 18.2862491608
60964  -53.242  -15.618  4.107 17.1229553223
60965  -53.909  -15.232  3.780 18.3729801178
60966  -54.523  -15.305  3.763 18.4515113831
60967  -54.699  -14.786  3.301 19.5887889862
60968  -55.485  -14.325  2.864 20.5256557465
60969  -54.870  -14.267  2.832 20.7814254761
60970  -54.728  -13.016  1.769 22.0722274780
60971  -55.314  -13.058  1.921 22.4550495148
60972  -55.566  -12.391  1.534 22.6686000824
60973  -56.382  -11.765  1.337 23.0242996216
60974  -55.853  -11.676  1.129 22.8981838226
60975  -56.125  -10.941  0.799 22.0857219696
60976  -55.299  -11.643  0.936 22.5312976837
60977  -53.225  -12.293  0.839 21.8149166107
60978  -54.058  -11.627  0.573 21.9639549255
60979  -53.486  -11.620  0.417 22.1907901764
60980  -53.751  -10.906  0.014 22.3098011017
60981  -52.943  -11.659  0.270 22.4351711273
60982  -47.876  -18.487  -2.119 19.3179836273
60983  -48.346  -17.482  -1.964 22.0398464203
60984  -48.068  -18.000  -2.453 21.5685634613
60985  -48.137  -17.513  -3.629 22.5193939209
60986  -48.478  -16.948  -3.108 23.2846183777
60987  -48.645  -16.445  -3.406 23.9684047699
60988  -49.072  -15.372  -3.232 25.0506801605
60989  -48.792  -15.909  -3.737 24.3553810120
60990  -48.902  -15.332  -4.094 24.2248821259
60991  -48.463  -16.354  -4.268 23.6467800140
60992  -47.024  -18.117  -5.419 19.9815101624
60993  -47.602  -17.225  -5.243 21.5384845734
60994  -47.145  -17.596  -5.737 20.3137855530
60995  -47.280  -17.063  -6.023 19.8174495697
60996  -46.683  -17.950  -6.187 18.8119869232
62618  -48.865  -4.144  -13.666 23.6497211456
62619  -49.376  -3.364  -13.288 24.1623554230
62620  -49.312  -2.698  -13.685 22.6969470978
62621  -49.924  0.772  -14.169 16.2705459595
62622  -49.995  0.011  -13.671 18.2752552032
62623  -50.313  1.443  -13.681 15.7485570908
62624  -50.640  1.952  -13.149 14.8046464920
62625  -50.600  2.741  -13.695 12.9546613693
64890  -53.766  -4.665  -4.184 32.3039932251
64891  -54.708  -3.611  -4.228 30.9957866669
64892  -54.053  -3.967  -4.505 32.5038452148
64893  -53.961  -2.891  -5.538 33.4188423157
64894  -54.564  -2.590  -5.171 32.5105628967
64895  -54.781  -1.896  -5.586 32.2531089783
64896  -55.529  -1.047  -5.722 29.8735561371
64897  -54.907  -1.222  -5.979 32.0957527161
64898  -51.619  -4.844  -7.016 33.7128257751
64899  -52.106  -4.274  -6.669 34.0967903137
64900  -52.254  -3.568  -6.969 33.9489860535
64901  -53.788  -0.410  -7.462 31.3755741119
64902  -53.649  -1.198  -7.050 32.6328811646
64903  -54.353  -0.124  -7.124 30.6495018005
64904  -54.943  0.080  -6.830 30.0360145569
64905  -54.979  0.737  -7.284 28.8461818695
64906  -55.572  1.383  -7.531 25.7390460968
64907  -55.017  1.360  -7.742 26.5341854095
64908  -54.452  2.530  -8.829 21.9498977661
64909  -55.018  2.566  -8.648 21.7724990845
64910  -54.938  3.083  -9.046 19.2105903625
64911  -55.331  3.427  -9.382 16.8203411102
64912  -54.836  3.631  -9.483 16.6567268372
68173  -49.952  -15.898  3.334 13.8651103973
68174  -49.398  -16.062  2.910 13.5827989578
68175  -49.619  -15.625  2.491 15.6082448959
68176  -48.937  -16.301  2.475 13.3355026245
68178  -48.269  -17.081  1.542 13.0996618271
68179  -48.036  -17.592  1.002 13.0970697403
68180  -48.287  -17.197  0.603 16.0211315155
68181  -47.794  -18.129  0.498 13.0874347687
68188  -47.359  -19.285  -0.496 12.4464769363
68189  -47.129  -19.807  -1.039 12.1097097397
68190  -47.393  -19.432  -1.419 14.8896303177
75158  -59.049  -3.816  -3.900 15.3230524063
75159  -59.184  -4.250  -3.906 13.9537868500
75160  -58.996  -3.965  -4.569 13.5179347992
75173  -56.410  -1.968  -4.564 27.3509368896
75174  -56.908  -1.948  -4.407 25.2098941803
75175  -57.017  -1.443  -4.864 24.6609001160
75176  -57.585  -0.463  -6.347 20.1230201721
75177  -57.647  -0.857  -5.801 20.4767093658
75178  -57.770  -0.792  -6.395 18.5408248901
75179  -57.925  -1.198  -6.491 16.8288497925
75180  -57.792  -0.875  -7.058 16.4167270660
75181  -57.071  1.079  -8.370 17.6717548370
75182  -57.222  0.737  -7.876 18.6684875488
75183  -57.192  0.677  -8.488 16.1656684875
75185  -57.184  -0.392  -8.987 12.4568367004
79201  -47.324  -11.828  -10.810 12.5749921799
79203  -46.715  -11.405  -12.259 12.1235227585
79204  -47.114  -11.063  -11.890 14.1904306412
79205  -47.252  -10.398  -12.210 16.2943687439
79206  -47.796  -9.268  -12.181 20.3857173920
79207  -47.358  -9.744  -12.547 18.2731037140
79211  -46.642  -9.373  -14.009 16.2042732239
79212  -46.581  -9.970  -13.643 15.0217361450
79213  -47.093  -8.901  -13.638 18.7669239044
79214  -47.519  -8.456  -13.257 20.9301662445
79215  -47.586  -7.768  -13.617 21.8309383392
79216  -48.061  -6.599  -13.595 23.1717338562
79217  -47.639  -7.105  -13.951 21.5856304169
79218  -47.326  -6.187  -14.989 18.6857738495
79219  -47.699  -5.710  -14.672 20.3710021973
79220  -47.713  -5.029  -15.026 18.6785888672
79221  -48.083  -3.702  -15.110 18.3431205750
79222  -47.722  -4.213  -15.410 17.0063743591
79239  -45.975  -7.741  -15.893 12.2836360931
79242  -46.858  -4.738  -16.409 12.4548997879
79243  -47.204  -3.455  -16.471 12.6445026398
79244  -47.603  -2.898  -16.174 13.5402021408
84957  -56.858  -17.378  1.947 12.2052927017
84959  -57.160  -17.013  2.107 12.7875185013
84968  -52.935  -17.220  4.996 13.9817237854
84969  -52.817  -17.772  5.107 13.1172533035
84970  -53.398  -17.325  4.790 14.1303195953
84971  -54.677  -17.028  3.676 15.0366268158
84972  -54.092  -17.453  4.071 14.1844568253
84973  -54.339  -17.516  3.653 14.0647668839
84974  -53.980  -17.939  3.560 13.0280618668
84975  -54.612  -17.489  3.227 13.9339418411
84976  -54.927  -17.460  2.819 13.7942342758
84977  -55.278  -17.062  2.924 14.7991800308
84978  -57.103  -15.954  2.616 15.6857833862
84979  -56.742  -16.369  2.498 15.0012063980
84980  -57.475  -16.074  2.430 14.8123159409
84981  -57.817  -16.234  2.283 13.9389829636
84982  -58.149  -15.780  2.353 14.4981527328
84983  -58.847  -15.463  2.310 13.5367479324
84984  -58.493  -15.277  2.397 14.5630731583
84985  -58.752  -14.005  2.284 16.2873554230
84986  -59.149  -14.187  2.273 14.6545524597
84987  -59.401  -13.668  2.066 14.5425996780
84988  -60.010  -13.320  1.789 12.5496292114
84989  -59.647  -13.091  1.832 14.3378028870
84990  -56.965  -13.404  2.246 21.8195858002
84991  -57.464  -13.564  2.296 21.4947757721
84992  -57.724  -12.898  1.985 21.9120121002
84993  -59.319  -11.305  1.277 18.1174106598
84994  -59.116  -11.960  1.549 18.8393058777
84995  -59.703  -11.540  1.266 16.0407772064
84996  -60.020  -11.856  1.291 14.0789060593
84997  -60.116  -11.315  0.958 13.4152717590
84999  -60.150  -10.783  0.563 12.8789587021
85000  -59.977  -9.248  -0.157 13.2888240814
85007  -59.207  -7.584  -0.494 14.2259616852
85008  -59.513  -7.362  -0.899 13.1077852249
85009  -59.245  -7.007  -0.911 14.2268848419
85010  -59.275  -6.444  -1.333 14.3915300369
85011  -58.957  -6.700  -0.955 15.4768667221
85012  -56.589  -9.555  0.163 20.4721622467
85013  -57.373  -8.921  0.101 19.2823715210
85014  -56.889  -8.842  -0.114 19.7752590179
85015  -56.951  -7.209  -0.939 20.0860443115
85016  -57.451  -7.320  -0.693 18.8859443665
85017  -57.652  -6.598  -1.031 19.0892066956
85018  -58.238  -6.095  -1.226 18.1005649567
85019  -57.848  -5.885  -1.372 19.4353408813
85020  -58.015  -5.190  -1.734 19.5106983185
85021  -57.377  -5.737  -1.571 20.9625301361
85022  -55.414  -6.415  -1.998 24.8112106323
85023  -56.295  -5.564  -2.065 24.0451202393
85024  -55.678  -5.681  -2.339 25.4879360199
85025  -55.944  -4.916  -2.691 25.8672313690
85026  -55.065  -5.836  -2.540 26.9950714111
85027  -50.131  -14.811  1.616 18.7265968323
85028  -50.885  -14.137  1.525 19.8131237030
85029  -50.359  -14.376  1.184 20.2674045563
85030  -50.393  -13.600  0.043 22.7983455658
85031  -50.854  -13.287  0.382 22.2648677826
85032  -51.075  -12.745  -0.003 23.0793266296
85033  -51.801  -11.952  -0.062 23.2203636169
85034  -51.333  -12.131  -0.340 23.7919750214
85035  -49.165  -15.407  -1.675 24.1897583008
85036  -49.388  -14.903  -1.181 24.0577430725
85037  -49.563  -14.338  -1.505 24.7934646606
85038  -50.776  -11.499  -1.608 25.8121547699
85039  -50.576  -12.168  -1.306 25.2926826477
85040  -51.187  -11.120  -1.283 25.5934829712
85041  -51.679  -10.818  -1.013 24.9445190430
85042  -51.853  -10.079  -1.314 25.5706882477
85043  -52.690  -9.156  -1.467 25.5038185120
85044  -52.146  -9.422  -1.637 26.2334785461
85045  -52.061  -8.434  -2.565 28.5959796906
85046  -52.616  -8.107  -2.314 27.9703292847
85047  -52.903  -7.396  -2.712 29.1067771912
85048  -53.786  -6.364  -2.905 29.2381401062
85049  -53.156  -6.677  -3.070 30.1773757935
85050  -53.413  -5.998  -3.433 30.9729194641
85051  -52.552  -7.108  -3.337 30.8431644440
85052  -50.929  -9.382  -4.188 29.7396621704
85053  -51.495  -8.128  -4.121 31.4668674469
85054  -51.094  -8.671  -4.568 30.7925834656
85055  -51.250  -7.968  -4.961 31.6142044067
85056  -50.731  -9.210  -5.050 29.9208450317
85057  -49.153  -14.047  -4.709 23.9183464050
85058  -49.590  -12.906  -4.535 25.1445484161
85059  -49.267  -13.433  -5.039 23.8877639771
85060  -49.099  -12.799  -6.177 21.8374233246
85061  -49.509  -12.243  -5.703 23.7004051208
85062  -49.613  -11.627  -6.036 24.2306346893
85063  -50.076  -10.429  -5.933 26.7296161652
85064  -49.737  -10.978  -6.403 24.7551708221
85065  -49.845  -10.239  -6.743 25.3750133514
85066  -49.349  -11.520  -6.859 22.4518032074
85067  -47.976  -13.595  -7.884 15.7117671967
85068  -48.512  -12.563  -7.746 17.7462768555
85069  -48.096  -13.021  -8.180 15.5801324844
85070  -48.221  -12.370  -8.531 15.4282770157
85071  -47.674  -13.401  -8.616 13.4118452072
85253  -44.915  -20.648  -6.011 12.9929924011
85256  -44.558  -19.983  -7.177 12.5281772614
85257  -44.692  -19.519  -7.470 12.9822082520
85258  -45.492  -18.747  -7.262 15.4903726578
85259  -44.883  -19.030  -7.785 13.3403606415
85266  -45.203  -18.053  -8.377 12.2384548187
85268  -46.091  -16.625  -8.516 12.6929225922
89933  -48.456  -9.674  -10.683 20.8486728668
89934  -48.965  -9.039  -10.180 23.1044101715
89935  -49.017  -8.429  -10.567 25.2895603180
89936  -50.089  -5.034  -10.665 29.0680427551
89937  -49.981  -5.747  -10.241 29.4281940460
89938  -50.426  -4.367  -10.103 29.5991382599
89939  -50.729  -3.738  -9.608 29.9767646790
89940  -50.768  -3.021  -9.992 28.7553176880
89941  -50.246  -2.149  -12.354 24.0155277252
89942  -50.263  -2.884  -11.907 25.7056026459
89943  -50.576  -1.470  -11.829 23.6242656708
89944  -51.385  1.095  -10.730 20.0038871765
89945  -51.102  -0.160  -10.777 22.6068344116
89946  -51.422  0.426  -10.331 22.4217414856
89947  -51.471  -0.226  -9.914 24.8425216675
89948  -51.883  1.012  -9.955 22.2449779510
89949  -52.505  1.578  -9.615 22.2153434753
89950  -52.398  2.251  -10.035 19.5026206970
89952  -53.368  4.087  -10.336 14.0938549042
89953  -53.791  4.648  -10.623 12.1110811234
89954  -54.352  4.568  -10.539 12.1079158783
92466  -49.282  -10.054  -8.324 22.4216346741
92467  -49.805  -8.795  -8.097 26.0621376038
92468  -49.465  -9.296  -8.571 23.7389335632
92469  -49.621  -8.557  -8.841 25.3863544464
92470  -49.725  -7.864  -9.147 27.1250286102
94518  -57.365  -3.617  -2.997 23.0931262970
94519  -57.978  -3.252  -3.194 21.1637763977
94520  -57.548  -3.053  -3.398 22.5518474579
94521  -57.689  -2.571  -3.749 22.1439247131
94522  -57.761  -2.152  -4.162 21.8175773621
94523  -56.093  2.890  -9.325 16.7446880341
94524  -56.365  2.555  -9.351 16.3623733521
94525  -56.195  2.856  -9.954 14.3163442612
96480  -51.204  -15.910  3.972 14.9519681931
96481  -51.913  -15.967  4.213 15.5934228897
96482  -51.970  -15.492  3.758 16.7401809692
96483  -52.709  -15.070  3.468 18.1839466095
96484  -53.514  -14.660  3.117 19.2992420197
96485  -54.291  -14.209  2.738 20.5788631439
96486  -53.683  -14.134  2.593 20.3384265900
96487  -53.897  -13.548  2.083 21.4000034332
96488  -54.148  -12.982  1.600 21.6883583069
96489  -54.423  -12.325  1.174 21.9715366364
96490  -53.574  -12.942  1.467 21.3397808075
96491  -53.021  -12.926  1.331 21.3368892670
96492  -52.449  -12.912  1.123 21.3485755920
96493  -47.161  -19.449  -3.118 17.7432880402
96494  -47.740  -18.483  -2.969 20.7539825439
96495  -47.362  -18.983  -3.491 19.9358291626
96496  -47.554  -18.454  -3.812 20.9883155823
96497  -47.746  -17.898  -4.132 21.7331371307
96498  -47.923  -17.346  -4.441 22.4528656006
96499  -47.291  -18.324  -4.626 20.4619693756
96500  -46.836  -18.703  -5.100 19.1708126068
96501  -46.399  -19.002  -5.572 17.7524757385
97475  -48.881  -2.538  -14.419 20.3193721771
97476  -49.311  -1.913  -14.072 20.7629966736
97477  -49.223  -1.198  -14.503 18.7042503357
97478  -49.525  0.134  -14.590 16.7964172363
97479  -49.876  1.503  -14.633 14.2486734390
98838  -52.532  -5.564  -4.880 33.4790496826
98839  -53.412  -4.376  -4.842 33.2681236267
98840  -52.815  -4.792  -5.213 33.7672843933
98841  -53.096  -4.007  -5.548 34.0439758301
98842  -53.325  -3.237  -5.902 34.0465927124
98843  -51.837  -3.325  -7.670 33.4283790588
98844  -52.369  -2.806  -7.321 33.8007011414
98845  -52.480  -2.034  -7.675 32.8653182983
98846  -53.123  -0.797  -7.735 31.7951583862
98847  -53.830  0.284  -7.847 30.1169433594
98848  -54.470  1.181  -7.938 26.8964557648
98849  -53.848  0.993  -8.261 27.4721832275
98850  -53.888  1.754  -8.650 24.9036655426
98851  -53.856  2.358  -9.027 22.3620319366
104994  -59.607  -6.169  -2.281 12.1278476715
104996  -59.535  -5.797  -2.824 12.1711797714
104999  -58.677  -3.220  -5.257 14.3169002533
105000  -58.757  -3.692  -5.271 12.9039335251
105008  -56.625  -0.903  -5.438 26.1979064941
105009  -57.107  -0.956  -5.336 24.2296829224
105010  -57.075  -0.515  -5.805 23.8484477997
105011  -57.362  -0.245  -6.252 21.6918640137
105012  -57.520  -0.053  -6.871 19.7795505524
105013  -56.754  0.654  -9.966 12.1203231812
105014  -57.000  0.469  -9.294 13.3572854996
107432  -46.198  -9.749  -14.334 13.7294111252
107433  -46.731  -8.709  -14.337 17.4174289703
107434  -47.241  -7.556  -14.310 19.6467819214
107435  -46.858  -8.017  -14.648 17.3646488190
107436  -46.913  -7.311  -14.958 17.0305652618
107437  -46.927  -6.671  -15.307 16.6951522827
110879  -55.694  -17.478  2.128 12.6577396393
110885  -54.199  -16.332  4.265 16.2738552094
110886  -54.025  -16.869  4.426 15.2405557632
110887  -54.632  -16.447  3.976 16.1202659607
110888  -54.985  -16.555  3.635 15.9492177963
110889  -55.265  -16.597  3.279 15.7695970535
110890  -55.627  -16.638  2.962 15.5879993439
110891  -55.994  -16.208  3.036 16.3885211945
110892  -56.727  -15.846  2.816 16.5731105804
110893  -57.449  -15.471  2.639 16.3466567993
110894  -58.153  -15.105  2.503 15.6934785843
110895  -57.770  -14.972  2.594 16.9171733856
110896  -58.070  -14.437  2.484 17.4741859436
110897  -58.349  -13.860  2.282 18.1034412384
110898  -57.470  -12.014  1.601 22.5821876526
110899  -57.992  -12.213  1.716 22.3393630981
110900  -58.203  -11.518  1.459 22.1935348511
110901  -58.874  -11.080  1.273 20.3479557037
110902  -59.450  -10.721  0.980 17.3626194000
110903  -59.850  -10.446  0.592 14.7883043289
110904  -59.534  -10.114  0.611 16.7564716339
110905  -59.626  -9.484  0.255 15.6764717102
110906  -59.709  -8.882  -0.062 14.3345985413
110907  -59.758  -8.289  -0.512 12.7359867096
110908  -59.437  -8.512  -0.111 14.5734491348
110909  -59.101  -8.180  -0.168 14.9960269928
110910  -58.710  -7.925  -0.239 15.6673994064
110911  -55.524  -9.416  -0.324 21.3003616333
110912  -56.387  -8.714  -0.363 20.4007663727
110913  -55.819  -8.680  -0.623 21.1529064178
110914  -56.113  -7.928  -0.927 21.0477848053
110915  -56.414  -7.144  -1.206 21.4360809326
110916  -56.636  -6.378  -1.511 22.0063858032
110917  -55.798  -7.144  -1.471 22.7555370331
110918  -55.082  -7.212  -1.712 23.9945373535
110919  -54.404  -7.369  -1.889 25.2410049438
110920  -49.319  -15.476  0.797 19.3426456451
110921  -49.952  -14.655  0.864 20.7231502533
110922  -49.517  -15.032  0.409 21.1744613647
110923  -49.743  -14.503  0.068 22.4732017517
110924  -49.977  -14.007  -0.342 23.2700500488
110925  -49.517  -14.259  -2.280 25.3724269867
110926  -49.715  -13.785  -1.806 25.3815441132
110927  -49.925  -13.134  -2.140 25.7677536011
110928  -50.405  -11.957  -1.992 25.9720287323
110929  -50.968  -10.844  -1.908 26.4031200409
110930  -51.596  -9.796  -1.868 26.9161815643
110931  -51.124  -10.250  -2.202 27.0811386108
110932  -51.324  -9.583  -2.566 27.7744693756
110933  -51.521  -8.917  -2.933 28.7998161316
110934  -51.776  -8.226  -3.309 29.9814205170
110935  -51.111  -9.422  -3.347 29.0069522858
110936  -50.761  -9.993  -3.805 28.6977100372
110937  -50.449  -10.560  -4.265 27.8984222412
110938  -48.394  -15.009  -5.670 21.5229759216
110939  -48.901  -13.932  -5.517 22.6441783905
110940  -48.489  -14.447  -5.993 21.0270614624
110941  -48.582  -13.861  -6.297 20.4456768036
110942  -48.685  -13.286  -6.648 19.7844886780
110943  -48.815  -12.636  -6.981 19.9307537079
110944  -48.280  -13.712  -7.107 17.8374786377
110945  -47.880  -14.169  -7.559 15.9930934906
110946  -47.400  -14.616  -8.053 14.1551494598
113864  -48.626  -8.306  -11.410 24.2478981018
113865  -49.101  -7.716  -10.928 26.0597305298
113866  -49.195  -6.988  -11.297 26.8525695801
113867  -49.721  -5.639  -11.144 28.3247127533
113868  -50.157  -4.323  -11.077 28.1697063446
113869  -50.730  0.531  -12.191 18.8832550049
113870  -50.807  -0.135  -11.738 21.0313644409
113871  -51.060  1.202  -11.676 18.0517749786
113872  -51.341  1.710  -11.178 17.5828170776
113873  -51.751  2.294  -10.773 17.1252059937
113874  -52.312  2.824  -10.437 16.8216266632
113875  -52.218  3.511  -10.918 14.2734603882
115914  -50.701  -7.794  -6.531 31.0424213409
115915  -51.266  -6.391  -6.417 32.9318428040
115916  -50.907  -6.977  -6.786 31.6606216431
115917  -51.066  -6.190  -7.056 32.2556724548
115918  -51.155  -5.487  -7.379 32.8534774780
115919  -50.299  -7.449  -7.944 29.3001728058
115920  -50.732  -6.147  -7.779 31.7383174896
115921  -51.240  -4.728  -7.710 32.7871894836
115922  -51.344  -3.975  -7.997 32.7246208191
115923  -51.439  -3.210  -8.298 32.2057418823
115924  -51.496  -2.421  -8.645 30.7851562500
120702  -58.896  -4.562  -2.401 16.8916149139
120703  -59.167  -4.501  -2.836 15.6322927475
120704  -58.939  -4.130  -2.880 16.9937934875
120705  -58.920  -3.744  -3.400 16.8669700623
120706  -58.866  -3.381  -3.975 16.6336307526
120707  -58.402  -3.044  -3.542 19.4642314911
120708  -58.656  -2.984  -3.992 17.9237213135
120709  -58.751  -3.059  -4.570 16.2874202728
120710  -58.551  -2.763  -5.228 15.6302347183
120711  -58.352  -2.453  -5.944 14.7760543823
120712  -58.165  -2.121  -6.659 13.8044605255
120713  -56.462  1.074  -7.228 23.2286701202
120714  -56.837  0.884  -7.244 22.1153507233
120715  -56.732  1.309  -7.727 20.9512538910
120716  -56.899  1.444  -8.284 18.7947101593
120717  -56.907  1.423  -8.962 16.4999656677
120718  -56.551  2.177  -9.445 15.7988262177
120719  -56.678  1.760  -9.559 15.0030469894
120720  -56.787  1.252  -9.748 13.7218160629
125282  -51.649  -17.492  5.299 12.7948217392
125283  -52.397  -17.096  5.105 13.8233871460
125284  -53.068  -16.658  4.809 14.9563741684
125285  -52.569  -16.052  4.408 15.9030046463
125286  -53.177  -16.113  4.536 16.0201644897
125287  -53.707  -16.232  4.475 16.1411914825
125288  -54.349  -15.812  4.083 17.3385887146
125289  -55.030  -15.426  3.639 18.1648616791
125290  -55.736  -15.055  3.240 18.9130764008
125291  -56.436  -14.668  2.871 19.6735458374
125292  -55.981  -14.514  2.893 20.0888309479
125293  -56.227  -13.915  2.526 21.3442668915
125294  -56.431  -13.253  2.154 22.1451320648
125295  -55.055  -13.693  2.341 22.0126514435
125296  -55.916  -13.108  2.024 22.4685420990
125297  -56.676  -12.566  1.796 22.4787597656
125298  -56.908  -11.881  1.496 22.8100128174
125299  -57.182  -11.121  1.196 22.1201267242
125300  -57.419  -10.401  0.862 20.9892044067
125301  -57.650  -9.700  0.569 19.9023590088
125302  -56.900  -10.308  0.695 21.1856632233
125303  -56.344  -10.254  0.491 21.2564182281
125304  -55.778  -10.193  0.195 21.3562221527
125305  -54.684  -11.649  0.747 22.1693992615
125306  -54.936  -10.936  0.343 21.8405551910
125307  -55.215  -10.166  -0.027 21.5356273651
125308  -54.637  -10.126  -0.231 21.8672294617
125309  -54.029  -10.137  -0.401 22.4471645355
125310  -53.428  -10.198  -0.561 23.0471458435
125311  -48.353  -17.499  -1.115 19.9848289490
125312  -48.772  -16.529  -0.980 22.3263320923
125313  -48.574  -16.971  -1.484 22.1749000549
125314  -48.765  -16.453  -1.811 23.3628311157
125315  -48.944  -15.925  -2.139 24.0443038940
125316  -48.277  -17.475  -2.793 22.6227607727
125317  -48.723  -16.437  -2.618 23.8892841339
125318  -49.135  -15.348  -2.442 24.7358970642
125319  -49.310  -14.798  -2.751 25.2116546631
125320  -49.440  -14.271  -3.053 25.3531951904
125321  -49.575  -13.587  -3.398 25.4679317474
125322  -49.712  -12.955  -3.703 25.6765899658
125323  -49.301  -14.186  -3.898 24.9680728912
125324  -49.051  -14.672  -4.392 24.0643482208
125325  -48.695  -15.177  -4.885 23.1592636108
125326  -48.041  -16.820  -4.747 22.7611370087
125327  -48.166  -16.269  -5.077 22.3771991730
125328  -48.283  -15.642  -5.363 21.9645462036
125329  -47.844  -16.090  -5.836 20.6280593872
125330  -47.406  -16.518  -6.308 19.2638263702
125331  -46.991  -16.843  -6.784 17.6192989349
127601  -48.883  -5.554  -12.884 25.7364692688
127602  -49.389  -4.864  -12.473 26.5529308319
127603  -49.411  -4.120  -12.850 25.6363735199
127604  -49.856  -2.772  -12.813 24.3230628967
127605  -50.199  -1.438  -12.774 22.2828865051
127606  -49.702  -1.410  -13.651 20.8428497314
127607  -50.080  -0.741  -13.209 20.2858581543
127608  -50.435  -0.049  -12.731 19.7061614990
127609  -50.685  1.251  -12.655 16.6962528229
127610  -50.970  2.617  -12.671 13.9491596222
130578  -55.100  -4.027  -3.715 29.7106513977
130579  -56.005  -3.126  -3.824 27.9617595673
130580  -55.382  -3.320  -4.028 29.5752239227
130581  -55.666  -2.640  -4.333 29.4526195526
130582  -55.814  -2.093  -4.729 28.9430351257
130583  -54.302  -3.263  -4.833 32.6779594421
130584  -55.192  -2.302  -4.914 30.6331176758
130585  -55.951  -1.493  -5.125 28.3500862122
130586  -56.060  -0.929  -5.526 27.8996868134
130587  -56.095  -0.406  -5.952 27.1769599915
130588  -56.097  0.160  -6.388 26.3439579010
130589  -51.915  -5.036  -6.346 33.8978652954
130590  -52.652  -3.747  -6.311 34.4785614014
130591  -53.472  -2.570  -6.285 33.8627891541
130592  -52.974  -2.320  -7.003 34.1712722778
130593  -53.590  -1.890  -6.665 33.6900634766
130594  -54.227  -1.526  -6.300 32.9674873352
130595  -54.950  -0.586  -6.375 31.2299442291
130596  -55.545  0.164  -6.576 28.1604804993
130597  -56.089  0.723  -6.827 25.6038589478
130598  -56.047  1.244  -7.336 24.4098472595
130599  -55.970  1.782  -7.847 22.8040466309
130600  -55.927  2.282  -8.330 21.1010913849
130601  -55.027  1.978  -8.200 24.1281528473
130602  -55.503  2.465  -8.472 21.7667751312
130603  -55.863  2.753  -8.808 19.1928329468
130604  -55.748  3.178  -9.351 17.0337142944
130605  -55.562  3.602  -9.911 14.5872230530
130606  -55.360  4.019  -10.493 12.2769794464
134735  -50.439  -16.343  4.119 12.9438476562
134736  -50.488  -15.906  3.672 14.3610782623
134737  -50.741  -15.448  3.214 15.8705739975
134738  -50.963  -14.985  2.723 17.2247543335
134739  -51.162  -14.516  2.267 18.3936519623
134740  -50.398  -15.046  2.409 17.0858535767
134741  -49.899  -15.218  2.054 17.2364673615
134742  -49.458  -15.516  1.642 17.3935871124
134743  -48.570  -16.626  2.017 13.0887937546
134744  -48.845  -16.276  1.604 15.6993904114
134745  -49.073  -15.869  1.178 17.5582447052
134746  -48.773  -16.325  0.728 17.7769813538
134747  -48.522  -16.815  0.262 17.9967269897
134748  -48.315  -17.321  -0.239 18.1324539185
134755  -47.554  -18.696  0.015 12.7616720200
134756  -47.841  -18.308  -0.358 15.7111225128
134757  -48.114  -17.866  -0.757 17.8220748901
134758  -47.885  -18.511  -1.260 17.5363445282
134759  -47.638  -19.002  -1.769 17.0951251984
134760  -47.329  -19.451  -2.270 16.3333148956
134762  -46.743  -20.338  -2.424 13.3787536621
134763  -46.951  -19.901  -2.766 15.5576667786
134764  -46.535  -20.343  -3.286 14.5649795532
134765  -46.116  -20.705  -3.793 13.4319562912
134766  -45.676  -20.996  -4.280 12.3071556091
136820  -48.519  0.139  -16.286 12.2307968140
136821  -48.965  0.803  -15.945 12.4672412872
143381  -59.313  -4.535  -3.357 14.2000007629
143382  -59.259  -4.713  -3.905 12.8561677933
143399  -56.809  -2.472  -4.000 25.6377029419
143400  -57.370  -1.978  -4.309 23.3820114136
143401  -57.755  -1.711  -4.651 21.3004608154
143402  -57.462  -1.081  -5.249 22.4388046265
143403  -57.732  -1.280  -5.194 20.8612575531
143404  -58.000  -1.552  -5.146 19.3997726440
143405  -58.076  -1.564  -5.823 17.3677539825
143406  -58.052  -1.643  -6.613 15.1002931595
143407  -57.943  -1.829  -7.281 13.0140972137
143408  -57.141  0.655  -7.322 20.9176902771
143409  -57.366  0.355  -7.382 19.4072494507
143410  -57.514  -0.031  -7.488 17.7699565887
143411  -57.228  0.194  -8.695 14.4318447113
143412  -57.407  -0.165  -8.208 15.3663082123
143413  -57.609  -0.513  -7.657 15.9575052261
143414  -57.662  -1.001  -7.842 13.9497079849
143415  -57.674  -1.547  -7.932 12.2572641373
148272  -47.604  -12.073  -10.070 13.2193737030
148273  -48.201  -10.947  -10.002 16.7703971863
148274  -47.755  -11.405  -10.414 14.6247282028
148275  -47.893  -10.776  -10.735 16.3940258026
148276  -48.016  -10.151  -11.099 18.5811023712
148277  -46.999  -11.652  -11.568 12.0966253281
148278  -47.566  -10.615  -11.507 16.3585052490
148279  -48.133  -9.464  -11.433 20.8076934814
148280  -48.219  -8.790  -11.803 22.4109535217
148281  -48.308  -8.131  -12.143 23.5860710144
148282  -48.388  -7.450  -12.500 24.8492622375
148287  -46.461  -10.595  -13.303 13.7348804474
148288  -46.902  -10.235  -12.926 16.1541347504
148289  -47.435  -9.143  -12.917 19.5714015961
148290  -47.966  -7.948  -12.879 22.9229106903
148291  -48.447  -6.755  -12.867 25.0224437714
148292  -48.491  -6.041  -13.234 24.8324604034
148293  -48.490  -5.368  -13.619 24.5952949524
148294  -48.495  -4.593  -13.995 22.9914588928
148295  -47.666  -6.402  -14.330 21.3506889343
148296  -48.090  -5.137  -14.344 21.6356582642
148297  -48.505  -3.888  -14.357 21.3916778564
148298  -48.466  -3.196  -14.742 19.6397647858
148299  -48.410  -2.436  -15.183 17.5425853729
148300  -48.343  -1.733  -15.592 15.4690418243
148319  -45.948  -8.308  -15.561 12.5811052322
148320  -46.483  -7.203  -15.613 14.4288721085
148321  -46.925  -6.104  -15.666 15.2920379639
148322  -46.468  -5.938  -16.326 12.3399467468
148323  -46.902  -5.420  -16.036 13.8480567932
148324  -47.323  -4.868  -15.719 15.4667158127
148325  -47.678  -3.556  -15.794 15.2602291107
148326  -47.975  -2.310  -15.905 14.5059642792
148327  -48.240  -1.074  -16.075 13.6265678406
155210  -52.159  -18.171  5.418 12.1025018692
155211  -52.631  -18.289  5.143 12.2469911575
155212  -52.991  -18.359  4.788 12.3812417984
155213  -53.787  -17.397  4.468 14.2768049240
155214  -53.517  -17.883  4.424 13.3962640762
155215  -53.220  -18.388  4.374 12.5034275055
155216  -53.380  -18.375  3.866 12.2805624008
155219  -54.537  -17.824  2.663 12.6124429703
155220  -55.283  -17.451  2.446 13.3918151855
155221  -56.023  -17.114  2.295 13.6798858643
155222  -55.993  -16.701  2.665 15.1100873947
155223  -56.359  -16.774  2.421 14.3384981155
155224  -56.735  -16.859  2.232 13.5708312988
155225  -57.455  -16.640  2.229 13.3636379242
155226  -58.250  -16.360  2.201 13.0661087036
155227  -58.983  -16.103  2.229 12.5675821304
155228  -59.256  -15.664  2.314 12.5786924362
155229  -59.522  -15.143  2.265 12.3433561325
155230  -59.817  -14.566  2.143 12.0799818039
155231  -58.888  -14.709  2.389 14.6120452881
155232  -59.505  -14.351  2.211 13.1721382141
155237  -57.185  -14.187  2.565 20.4450645447
155238  -57.922  -13.721  2.299 20.0613918304
155239  -58.636  -13.260  2.058 18.2690830231
155240  -58.451  -12.425  1.791 20.9148120880
155241  -58.886  -12.636  1.834 18.4914550781
155242  -59.300  -12.847  1.841 16.3160419464
155243  -59.889  -12.462  1.569 14.2453613281
155244  -60.363  -12.169  1.232 12.1519832611
155249  -60.140  -10.216  0.140 12.4811916351
155258  -59.759  -7.744  -0.916 12.0955314636
155261  -59.501  -6.275  -1.791 13.3197727203
155262  -59.289  -5.883  -1.800 14.6235132217
155263  -59.091  -5.523  -1.842 15.8356285095
155264  -57.857  -9.032  0.293 18.6739768982
155265  -58.086  -8.378  -0.023 17.5546207428
155266  -58.306  -7.717  -0.343 16.6383533478
155267  -57.201  -8.053  -0.379 19.1317806244
155268  -57.913  -7.501  -0.495 17.8459110260
155269  -58.506  -7.054  -0.702 16.6611557007
155270  -58.611  -6.414  -1.084 16.8833389282
155271  -58.704  -5.789  -1.489 17.1247673035
155272  -58.800  -5.168  -1.924 16.9244670868
155273  -58.500  -4.839  -2.045 18.1448879242
155274  -58.130  -4.582  -2.184 19.5767345428
155275  -57.688  -4.397  -2.340 21.2453937531
155276  -56.855  -5.622  -1.814 22.5959300995
155277  -57.061  -4.920  -2.129 22.8033084869
155278  -57.233  -4.243  -2.548 23.0835762024
155279  -56.744  -4.150  -2.818 24.6193656921
155280  -56.165  -4.209  -3.021 26.3004722595
155281  -55.583  -4.360  -3.214 28.1102294922
155282  -51.420  -14.025  1.829 19.6242828369
155283  -51.656  -13.489  1.363 20.6989555359
155284  -51.899  -12.965  0.921 21.3678188324
155285  -50.625  -13.870  0.793 21.4795703888
155286  -51.370  -13.097  0.697 21.7427368164
155287  -52.183  -12.361  0.500 22.0730400085
155288  -52.390  -11.762  0.116 22.6902198792
155289  -52.608  -11.075  -0.305 23.1513881683
155290  -52.837  -10.343  -0.706 23.6506061554
155291  -49.181  -15.489  -0.871 23.3325881958
155292  -49.634  -14.456  -0.757 23.6636867523
155293  -50.181  -13.451  -0.690 24.0818614960
155294  -49.998  -13.235  -1.370 25.0704364777
155295  -50.409  -12.822  -0.991 24.7695045471
155296  -50.869  -12.448  -0.650 24.3726730347
155297  -51.520  -11.498  -0.689 24.3609905243
155298  -52.249  -10.573  -0.809 24.2994346619
155299  -53.038  -9.665  -0.977 24.1941642761
155300  -53.237  -8.982  -1.319 24.7615833282
155301  -53.489  -8.287  -1.669 25.3380489349
155302  -53.763  -7.565  -1.986 26.3568859100
155303  -52.358  -8.783  -1.949 26.9033699036
155304  -53.175  -7.819  -2.120 27.1729869843
155305  -54.104  -6.831  -2.350 27.3943157196
155306  -54.418  -6.085  -2.727 28.2974491119
155307  -54.703  -5.352  -3.102 28.9303207397
155308  -54.958  -4.626  -3.381 29.5629425049
155309  -54.314  -4.958  -3.541 30.6532821655
155310  -53.637  -5.247  -3.787 31.7771778107
155311  -52.977  -5.727  -4.117 32.4332466125
155312  -51.983  -7.568  -3.710 31.1735763550
155313  -52.174  -6.909  -4.101 31.9947929382
155314  -52.339  -6.271  -4.488 32.8048286438
155315  -51.824  -6.768  -4.899 33.1169967651
155316  -51.400  -7.267  -5.334 32.3780326843
155317  -50.984  -7.873  -5.776 31.6184959412
155318  -49.870  -12.306  -4.015 26.1178188324
155319  -49.999  -11.739  -4.369 26.5241889954
155320  -50.149  -11.097  -4.729 27.1060676575
155321  -49.405  -12.878  -5.374 23.7697048187
155322  -49.876  -11.676  -5.235 25.4241313934
155323  -50.296  -10.439  -5.116 27.9497661591
155324  -50.359  -9.840  -5.517 28.7324981689
155325  -50.510  -9.136  -5.862 29.4656276703
155326  -50.612  -8.429  -6.207 30.2127590179
155327  -50.276  -9.018  -6.637 28.2913970947
155328  -49.956  -9.560  -7.073 26.2872810364
155329  -49.588  -10.129  -7.515 23.7701454163
155330  -48.935  -12.050  -7.299 20.0565280914
155331  -49.075  -11.349  -7.621 20.1507358551
155332  -49.176  -10.710  -7.964 21.2330513000
155333  -48.761  -11.244  -8.446 18.7628040314
155334  -48.356  -11.754  -8.874 16.2918643951
155335  -47.921  -12.195  -9.298 13.8475103378
155551  -45.316  -20.831  -5.154 12.8722639084
155552  -45.477  -20.379  -5.486 14.5213336945
155553  -45.668  -19.865  -5.798 15.4190864563
155554  -45.833  -19.356  -6.119 16.1467132568
155556  -45.213  -19.730  -6.669 14.5023174286
155557  -45.932  -18.889  -6.452 16.8479480743
155558  -46.099  -18.350  -6.748 17.1967983246
155559  -46.261  -17.816  -7.024 16.5964756012
155560  -46.388  -17.344  -7.335 15.9670629501
155567  -45.060  -18.536  -8.095 12.7744188309
155568  -45.764  -17.782  -7.870 14.1609716415
155569  -46.492  -16.819  -7.666 15.3205308914
155570  -46.606  -16.269  -7.995 14.3971614838
155571  -46.753  -15.681  -8.306 13.3963441849
155572  -46.882  -15.075  -8.577 12.4066705704
161170  -48.860  -9.670  -9.809 21.0025577545
161171  -49.366  -8.433  -9.655 25.1718482971
161172  -49.799  -7.158  -9.513 28.4087333679
161173  -49.525  -7.103  -10.412 27.5048713684
161174  -49.891  -6.444  -9.872 28.8986988068
161175  -50.237  -5.801  -9.367 30.0354938507
161176  -50.654  -4.435  -9.233 31.2123241425
161177  -51.065  -3.069  -9.123 30.3583450317
161178  -51.499  -1.692  -9.075 29.3765335083
161179  -49.817  -4.270  -11.964 27.0586204529
161180  -50.199  -3.632  -11.483 27.3083305359
161181  -50.545  -2.918  -10.959 27.4064750671
161182  -50.834  -0.844  -11.291 23.1231212616
161183  -50.813  -1.547  -10.838 25.1943702698
161184  -50.797  -2.269  -10.403 27.3125724792
161185  -51.113  -1.598  -9.932 27.2260856628
161186  -51.512  -0.944  -9.496 27.3072223663
161187  -52.048  -0.358  -9.109 27.3625049591
161188  -52.607  0.897  -9.203 24.8286647797
161189  -53.163  2.006  -9.301 22.3043498993
161190  -53.707  2.928  -9.430 19.6343135834
161191  -52.915  3.291  -10.142 16.7191276550
161192  -53.542  3.555  -9.866 16.7983951569
161193  -54.188  3.658  -9.677 16.6842689514
161194  -54.597  4.119  -10.037 14.1102924347
161195  -54.927  4.379  -10.498 12.1836805344
161197  -49.385  1.499  -15.559 12.5099172592
161198  -49.794  2.249  -15.158 12.2103452682
