#!ascii label  , from subject fsaverage vox2ras=TkReg
963
356  62.335  -10.491  -3.002 72.2179031372
447  61.124  -24.259  -0.500 68.0137023926
596  57.329  -35.810  6.344 69.9022140503
834  61.755  -15.500  3.100 62.5452156067
835  62.863  -10.867  0.772 59.6631278992
836  64.449  -13.710  -0.276 77.9745941162
984  57.337  -27.711  1.036 64.8055267334
1792  59.667  -7.504  -6.068 75.3200378418
2001  64.662  -20.231  0.577 62.4423828125
2002  61.326  -18.350  -1.089 76.9901504517
2420  64.440  -27.173  1.257 67.7508163452
2421  60.107  -30.747  1.983 70.0738601685
2423  61.982  -33.132  4.999 73.4304046631
2424  55.672  -33.228  4.017 72.0629501343
2545  58.233  -15.404  -3.019 87.2963943481
2546  54.969  -12.812  -6.268 69.8122482300
2755  64.263  -14.024  1.996 67.5939331055
2756  65.072  -15.260  1.454 68.3578186035
3342  59.365  -3.576  -6.920 67.7414779663
3946  61.139  -8.900  -4.261 71.8332595825
4389  62.853  -22.216  -0.593 62.6040763855
4390  61.182  -21.497  -1.083 63.5229110718
5405  62.442  -29.095  1.461 73.2511596680
5406  63.560  -30.690  2.448 67.7399520874
5410  59.996  -36.053  7.113 66.6056060791
5411  62.275  -34.946  6.602 62.2497825623
5412  59.526  -34.421  5.783 80.1816787720
5413  58.948  -32.981  4.460 82.9229202271
5414  56.674  -34.405  5.369 78.6738510132
5415  53.594  -34.418  5.166 63.6628684998
5416  54.496  -35.750  6.162 61.6641578674
5717  57.143  -19.416  -1.955 63.0118217468
5718  59.558  -16.949  -2.099 83.6916885376
5719  55.621  -17.958  -3.018 67.1455612183
6110  62.597  -13.169  1.902 64.9390640259
6111  64.118  -12.113  0.437 66.5774154663
6112  63.615  -12.051  -1.635 74.4838790894
6378  59.288  -25.995  0.307 71.4617538452
8019  60.905  -5.009  -5.408 65.9928894043
8020  58.057  -6.204  -7.738 72.3709259033
8584  64.673  -17.384  0.465 70.9181060791
8585  63.272  -19.433  -0.459 69.7721023560
9816  62.845  -25.540  0.658 70.7561645508
9817  60.982  -27.520  1.064 73.5932312012
9818  58.910  -29.383  1.336 69.1887207031
9819  56.788  -31.170  1.660 61.9668922424
9826  61.266  -31.903  3.410 75.0132904053
9827  57.906  -32.175  2.866 71.7152709961
9828  54.360  -32.757  2.513 60.2424392700
10189  63.579  -15.884  -0.913 87.2925720215
10190  62.064  -14.446  -2.169 92.7584533691
10191  60.513  -12.938  -3.063 93.9232177734
10192  54.198  -16.712  -4.556 64.0080642700
10193  56.441  -14.107  -4.430 85.5927200317
10194  58.701  -11.528  -4.252 90.9621582031
10195  57.235  -10.136  -6.107 81.2046508789
10196  56.160  -9.125  -8.404 64.5266265869
10435  64.788  -15.470  2.640 62.7387733459
10436  65.152  -16.163  2.344 63.4726753235
11022  57.854  -4.367  -8.087 66.8704986572
11023  58.541  -2.945  -7.818 65.0375823975
11622  63.262  -10.242  -1.990 61.9157524109
11624  62.821  -9.355  -2.646 60.6778907776
11625  62.289  -8.494  -3.384 60.1627311707
11626  61.742  -9.710  -3.600 72.9937896729
12069  61.928  -23.273  -0.661 64.0792922974
12070  61.050  -22.842  -1.096 62.1481781006
12071  60.117  -23.874  -1.042 61.6783142090
13085  64.649  -29.961  2.177 62.1263198853
13090  58.611  -35.866  6.629 69.9259185791
13091  59.801  -35.254  6.391 76.5731582642
13092  58.456  -35.079  6.003 76.3493881226
13093  58.141  -34.393  5.528 82.4305038452
13094  57.054  -35.148  5.848 75.0494079590
13095  55.608  -35.077  5.739 71.5069351196
13096  55.992  -35.809  6.185 66.3720703125
13398  56.378  -18.691  -2.433 65.4039611816
14019  60.437  -15.356  2.577 61.2361412048
14020  61.063  -14.083  2.073 62.7070503235
14021  62.231  -14.363  2.543 64.0560913086
14022  64.603  -13.756  0.957 71.9687957764
14023  64.212  -13.049  1.244 70.1598739624
14024  64.400  -12.851  0.123 72.7344818115
14025  64.149  -12.006  -0.598 68.8522872925
14026  64.073  -12.890  -0.948 76.9935379028
14469  58.363  -26.852  0.676 70.7207260132
14470  57.230  -26.466  0.250 63.6047706604
14471  56.246  -27.294  0.708 60.4009742737
15493  59.119  -37.231  8.574 59.9482002258
17592  61.181  -6.989  -5.002 67.8109130859
17593  61.554  -5.737  -4.648 62.5712699890
17594  60.433  -6.274  -5.982 71.6852340698
17595  59.581  -5.560  -6.728 73.1409072876
17596  58.853  -6.838  -7.022 75.4942932129
18924  65.175  -19.414  1.268 59.8984031677
18925  64.647  -18.888  0.632 65.5356903076
18926  63.933  -19.876  -0.031 65.8564300537
18928  60.265  -21.066  -1.291 61.5537147522
21972  65.179  -26.150  1.308 62.6770439148
21973  64.395  -25.378  0.864 63.8909072876
21974  63.638  -26.355  1.002 70.0008010864
21975  61.990  -26.546  0.911 75.0697860718
21976  62.758  -27.351  1.093 73.7864990234
21977  61.251  -29.947  1.695 71.2696151733
21978  60.664  -29.249  1.356 71.7565383911
21979  59.581  -30.133  1.494 69.5994796753
21980  57.923  -30.318  1.433 64.3591384888
21981  58.498  -30.972  1.743 66.4907302856
21993  62.170  -34.062  5.780 69.9694061279
21995  63.329  -33.456  5.469 62.1838531494
21997  63.207  -32.592  4.623 66.7153549194
21998  62.907  -31.926  3.752 69.1422882080
21999  61.770  -32.416  4.219 76.9244842529
22000  57.353  -33.039  4.201 79.3293533325
22001  58.476  -32.550  3.687 79.4331054688
22002  56.783  -32.698  3.441 73.4389877319
22003  56.183  -32.460  2.645 66.7365722656
22004  55.077  -32.974  3.233 65.9163360596
22006  54.046  -33.445  3.850 63.8196525574
22907  63.319  -17.870  -0.529 78.3795928955
22908  64.170  -16.626  -0.304 78.8031616211
22909  62.544  -17.074  -1.025 84.1978149414
22910  58.919  -16.174  -2.520 85.5176696777
22911  60.995  -15.647  -2.126 91.2237930298
22912  60.178  -14.874  -2.590 92.8255615234
22913  61.366  -13.649  -2.629 93.0869445801
22914  59.445  -14.113  -3.060 94.2275085449
22918  53.983  -14.176  -6.348 60.5303459167
22919  54.722  -14.785  -5.359 68.8417358398
22920  55.678  -13.444  -5.254 78.1082229614
22921  57.554  -12.819  -4.278 91.7161331177
22922  56.712  -12.119  -5.133 85.7127151489
22923  57.892  -10.784  -5.082 85.8432464600
22924  56.064  -11.477  -6.167 78.4707107544
23388  62.949  -15.677  3.449 60.3879318237
23389  63.311  -14.619  2.825 64.0850677490
23390  64.157  -14.990  2.827 62.6063308716
23391  64.770  -14.595  1.779 66.0572280884
23392  64.801  -14.501  0.594 72.9236526489
23658  56.281  -28.678  1.342 61.6424980164
24446  60.473  -3.022  -5.594 62.3461151123
24448  59.847  -2.208  -6.502 60.9201545715
25533  61.769  -7.678  -4.126 63.1418380737
25534  60.377  -8.187  -5.100 73.2498016357
26331  63.835  -21.177  -0.129 62.6417770386
26332  63.087  -20.814  -0.513 66.0362701416
26333  62.062  -21.822  -0.854 65.4957809448
28160  65.095  -28.106  1.593 64.6077804565
28161  63.498  -28.159  1.327 70.3238525391
28162  64.178  -29.068  1.660 66.9103775024
28163  63.045  -29.901  1.839 70.4051589966
28164  61.887  -30.626  2.229 70.4233627319
28170  61.242  -36.195  7.794 60.7789840698
28172  61.157  -35.502  6.840 67.0510025024
28173  60.886  -34.633  6.100 72.5841293335
28174  60.721  -33.712  5.439 81.8420639038
28175  60.506  -32.967  4.705 82.9196090698
28176  59.319  -33.655  5.151 83.0371170044
28177  57.784  -33.638  4.925 81.9445648193
28178  56.248  -33.667  4.749 76.1450424194
28179  54.583  -33.757  4.624 68.8750610352
28180  55.166  -34.359  5.293 72.5088119507
28181  54.059  -35.017  5.707 65.5037841797
28721  59.233  -18.903  -1.505 70.6004943848
28722  60.492  -17.629  -1.506 81.4485473633
28723  58.405  -18.220  -1.984 73.3143386841
28724  57.549  -17.450  -2.446 75.3888244629
28725  56.889  -16.694  -2.942 76.8584747314
28731  54.426  -12.231  -7.408 61.0921478271
29613  61.472  -12.906  1.546 63.3770599365
29614  62.813  -11.971  1.305 63.6098823547
29615  63.556  -13.521  2.086 66.8604431152
29616  63.640  -12.460  1.339 65.9261322021
29617  63.593  -11.440  0.647 63.8317527771
29618  63.928  -11.184  -0.263 63.9924697876
29619  63.739  -11.119  -1.294 65.3226547241
29620  62.986  -11.264  -2.332 71.6438293457
30240  60.238  -25.110  -0.121 71.2883300781
30241  59.108  -24.829  -0.664 65.6093978882
30242  58.206  -25.641  -0.224 64.1590957642
31674  60.157  -36.708  8.172 59.7430076599
31675  58.934  -36.633  7.513 64.3758468628
31676  57.598  -36.530  6.967 62.9285545349
31677  56.291  -36.465  6.725 60.9850082397
34381  61.071  -3.834  -4.903 61.0269699097
34382  60.177  -4.255  -6.161 68.1358108521
34383  58.735  -4.931  -7.361 71.9763565063
34384  57.138  -5.637  -8.493 66.2431335449
36010  65.273  -17.025  1.812 63.5256996155
36011  65.043  -17.930  1.229 64.4117736816
36012  64.018  -18.417  0.026 72.0755996704
36013  62.386  -18.914  -0.789 73.0578155518
36014  62.240  -20.475  -0.860 66.8596420288
36015  61.367  -19.997  -1.017 67.1648483276
36016  60.283  -19.436  -1.182 67.5372161865
36017  58.169  -19.988  -1.620 60.4040222168
39582  60.874  -16.709  3.346 60.9399452209
39674  63.496  -22.883  -0.051 59.7497177124
39675  62.687  -23.886  -0.077 64.7715454102
39683  63.491  -24.575  0.497 64.4716873169
39684  61.934  -24.855  0.140 69.1897125244
39685  61.104  -25.755  0.498 75.1871109009
39686  60.206  -26.707  0.812 74.3948898315
39687  59.191  -27.601  1.019 71.1550979614
39688  61.806  -28.300  1.222 72.8169250488
39689  59.988  -28.442  1.208 71.4692993164
39690  58.118  -28.582  1.259 68.4102859497
39691  57.107  -29.486  1.421 63.2744712830
39712  63.974  -31.385  3.329 61.0817527771
39713  62.426  -31.330  2.932 69.1560668945
39714  60.661  -31.341  2.682 71.6176147461
39715  60.146  -32.394  3.935 82.6778030396
39716  59.553  -31.951  3.177 75.7472000122
39717  59.020  -31.524  2.436 69.5691070557
39718  57.369  -31.803  2.180 65.8878860474
39719  55.600  -32.041  2.029 61.4132575989
39724  52.994  -34.003  4.463 59.6908645630
40801  65.083  -16.279  0.968 70.3224792480
40802  64.732  -15.524  0.118 76.1563262939
40803  64.180  -14.801  -0.721 82.3614578247
40804  61.679  -16.414  -1.643 89.7126846313
40805  62.825  -15.239  -1.637 92.5856018066
40806  63.607  -14.037  -1.396 84.6069793701
40807  62.998  -13.193  -2.011 85.6306533813
40808  62.383  -12.445  -2.529 85.8349533081
40809  61.577  -11.766  -3.081 85.8986282349
40811  54.964  -17.305  -3.712 66.7537918091
40812  56.180  -16.019  -3.674 78.1785354614
40814  55.349  -15.427  -4.509 74.2666854858
40815  57.397  -14.746  -3.683 87.1311874390
40816  58.463  -13.494  -3.627 93.6994705200
40817  59.625  -12.252  -3.605 94.1488189697
40818  60.687  -11.028  -3.713 86.7341690063
40819  59.968  -10.239  -4.312 82.9057922363
40820  59.258  -9.510  -5.055 80.2620010376
40821  58.485  -8.839  -6.067 78.9086456299
40822  55.513  -10.977  -7.419 69.6607055664
40823  56.619  -9.663  -7.296 74.0597686768
40824  57.819  -8.270  -7.158 76.1901779175
40825  57.087  -7.662  -8.201 69.1504364014
40826  56.208  -7.130  -9.058 61.7818183899
41155  64.968  -16.250  2.916 60.5738410950
41156  65.170  -16.592  2.719 60.8374786377
41742  57.089  -4.734  -8.650 64.9677276611
41743  57.456  -4.068  -8.475 64.0627975464
41744  56.678  -4.440  -9.068 60.1765785217
42342  62.946  -10.334  -2.493 66.2500762939
42343  63.048  -9.816  -2.369 61.4877281189
42344  62.636  -9.923  -2.831 66.4303359985
42345  62.382  -9.504  -3.127 66.2639846802
42346  62.033  -10.104  -3.294 73.1705551147
42789  61.518  -23.783  -0.623 66.1829910278
42790  61.057  -23.579  -0.889 63.9778938293
42791  60.645  -24.071  -0.784 64.9176788330
43810  57.966  -35.824  6.468 70.5900268555
43811  58.540  -35.451  6.298 73.5589675903
43812  57.890  -35.448  6.169 73.2060241699
43813  57.802  -35.083  5.896 75.8207855225
43814  57.244  -35.517  6.074 72.6167907715
43815  56.521  -35.494  6.019 71.0178756714
43816  56.695  -35.830  6.240 68.2914428711
44739  61.059  -15.442  2.847 61.9020652771
44740  61.350  -14.859  2.614 62.7427291870
44741  61.998  -14.949  2.828 63.3717536926
44742  64.600  -13.703  0.319 74.6267700195
44743  64.506  -13.322  0.536 73.5151748657
44744  64.457  -13.256  -0.043 75.4194335938
44745  64.313  -12.814  -0.444 74.4658126831
44746  64.266  -13.262  -0.610 77.7421188354
45189  57.853  -27.282  0.842 67.1282348633
45190  57.287  -27.077  0.718 65.8991165161
45191  56.786  -27.498  0.898 62.6621437073
48302  62.373  -11.211  0.982 60.0596389771
48312  60.482  -7.268  -5.557 72.1185760498
48313  60.876  -6.651  -5.455 69.7688369751
48314  60.082  -6.896  -6.023 73.7134323120
48315  59.632  -6.543  -6.508 75.3283538818
48316  59.263  -7.166  -6.564 76.1334304810
49644  64.921  -19.820  0.912 61.2155342102
49645  64.606  -19.601  0.602 63.1011161804
49646  64.283  -20.059  0.268 64.3457260132
52690  65.195  -27.137  1.420 61.9860458374
52691  65.520  -26.640  1.470 59.7834815979
52692  64.868  -26.643  1.268 65.2832489014
52693  64.442  -26.259  1.112 66.2821731567
52694  64.046  -26.737  1.146 69.9418792725
52695  63.214  -26.857  1.056 73.7846603394
52696  63.602  -27.271  1.146 73.0767898560
52697  60.687  -30.369  1.806 71.0755767822
52698  60.431  -30.035  1.556 71.0940322876
52699  59.863  -30.466  1.702 69.6930618286
52700  59.047  -30.563  1.610 67.6608886719
52701  59.305  -30.866  1.862 68.4361953735
52713  62.072  -33.573  5.386 73.6755371094
52714  62.791  -33.746  5.631 65.9430770874
52715  62.692  -33.290  5.221 67.9777908325
52716  63.293  -32.996  5.055 64.1002197266
52717  62.616  -32.861  4.825 69.5678634644
52718  62.523  -32.494  4.406 72.4120407104
52719  61.881  -32.726  4.635 74.6229248047
52720  56.504  -33.133  4.068 76.2063293457
52721  57.074  -32.835  3.835 76.7452087402
52722  56.224  -32.960  3.709 73.1054229736
52723  55.931  -32.829  3.327 69.8039245605
52724  55.387  -33.105  3.610 69.0470199585
52725  54.564  -33.211  3.536 65.0265579224
52726  54.835  -33.335  3.945 67.9353332520
53627  62.345  -18.085  -0.869 79.1882629395
53628  62.907  -17.437  -0.808 81.4416275024
53629  61.904  -17.682  -1.069 81.7612075806
53630  58.549  -15.777  -2.761 86.4296417236
53631  59.556  -15.494  -2.577 89.9190826416
53632  59.210  -15.097  -2.784 90.6421966553
53633  59.836  -14.485  -2.834 93.5556259155
53634  58.875  -14.697  -2.999 91.3005065918
53638  54.502  -13.480  -6.301 65.2170944214
53639  54.871  -13.793  -5.792 69.4633865356
53640  55.356  -13.110  -5.698 73.9185104370
53641  56.179  -12.782  -5.165 81.6603240967
53642  55.798  -12.424  -5.695 78.0990829468
53643  56.363  -11.771  -5.632 82.4335861206
53644  55.494  -12.135  -6.240 74.2823867798
54340  63.629  -15.286  3.204 61.2883262634
54341  64.050  -15.482  3.212 60.0375976562
54342  64.987  -15.360  2.095 65.4502410889
54343  64.789  -15.022  2.234 64.6836090088
54344  64.954  -14.948  1.674 67.2874450684
54345  64.850  -14.529  1.195 69.3690185547
54346  64.947  -14.897  1.040 70.3240890503
56102  60.007  -3.246  -6.243 65.2602081299
56103  60.169  -2.611  -6.010 61.5901794434
56104  59.655  -2.832  -6.678 64.0004425049
56105  58.156  -2.644  -8.267 61.0007362366
56106  58.839  -2.274  -7.687 61.4255256653
57912  61.794  -8.694  -3.844 65.9628677368
57913  62.021  -8.072  -3.739 61.3251914978
57914  61.493  -8.306  -4.254 66.9017333984
57915  61.171  -7.961  -4.646 68.2867660522
57916  60.779  -8.530  -4.674 72.2725219727
59244  63.354  -21.691  -0.383 62.6597633362
59245  62.990  -21.477  -0.543 65.3769073486
59246  62.450  -22.024  -0.730 64.5127944946
59248  60.624  -22.741  -1.259 60.7024040222
62294  65.343  -28.578  1.814 63.1576309204
62295  64.652  -28.579  1.582 66.7588882446
62296  64.882  -29.056  1.845 62.9310493469
62297  64.127  -30.353  2.280 65.9130249023
62298  63.920  -29.951  1.974 67.0037002563
62299  63.308  -30.313  2.077 69.0074844360
62300  62.442  -30.254  1.997 70.0929794312
62301  62.722  -30.651  2.304 69.2544403076
62310  60.647  -36.172  7.452 64.0207824707
62311  61.230  -35.907  7.294 63.8641777039
62312  60.590  -35.805  6.987 69.2335205078
62313  59.625  -34.827  6.053 78.6489105225
62314  60.345  -34.929  6.261 74.7561340332
62315  60.183  -34.504  5.955 76.7746276855
62316  60.777  -34.175  5.774 76.5495529175
62317  60.127  -34.065  5.640 80.1600646973
62318  60.036  -33.668  5.301 82.9209899902
62319  59.431  -34.037  5.474 82.9188842773
62320  57.409  -34.402  5.427 81.3945770264
62321  57.955  -34.016  5.240 83.2349777222
62322  57.210  -34.015  5.138 80.4655075073
62323  57.037  -33.638  4.812 79.3611602783
62324  56.488  -33.995  5.083 77.5279312134
62325  55.723  -34.016  5.034 74.3667144775
62326  55.952  -34.362  5.338 75.8003005981
62327  55.055  -35.420  5.969 66.4120025635
62328  54.824  -35.050  5.734 68.7019195557
62329  54.273  -35.386  5.957 63.6296691895
62330  53.530  -35.360  5.960 60.4875373840
63227  58.126  -19.181  -1.744 66.8142318726
63228  58.789  -18.552  -1.722 72.1566390991
63229  57.713  -18.803  -1.936 68.1700210571
63230  55.993  -18.318  -2.720 66.5584030151
63231  56.970  -18.078  -2.451 70.4314193726
63232  56.586  -17.713  -2.715 71.5273361206
63233  57.189  -17.059  -2.699 76.2179031372
63234  56.188  -17.331  -3.000 71.7545852661
65097  61.922  -13.587  2.026 63.9329109192
65098  61.275  -13.507  1.790 63.2870597839
65099  62.055  -13.022  1.733 64.3991012573
65100  62.196  -12.408  1.469 63.4644432068
65101  62.701  -12.596  1.598 64.7599258423
65102  63.896  -14.289  2.481 65.5858612061
65103  63.474  -14.065  2.460 65.8075637817
65104  63.944  -13.770  2.076 67.5924682617
65105  64.187  -12.576  0.821 68.8869094849
65106  63.959  -12.757  1.322 68.0269470215
65107  63.936  -12.239  0.911 66.1389465332
65108  63.613  -11.952  0.985 65.0765457153
65109  63.884  -11.759  0.547 65.2264175415
65110  63.858  -11.243  0.194 63.9340934753
65111  64.054  -11.661  0.081 65.4102935791
65112  63.934  -12.010  -1.141 71.0842590332
65113  63.934  -11.572  -0.964 66.5195236206
65114  63.693  -11.577  -1.516 69.1246948242
65115  63.441  -11.152  -1.852 67.1486282349
65116  63.306  -11.661  -2.015 73.0632934570
66444  59.792  -25.558  0.114 70.7262039185
66445  59.203  -25.400  -0.167 68.0201873779
66446  58.708  -25.825  0.056 67.8388900757
69521  59.034  -36.966  8.039 61.4728088379
69522  58.367  -36.941  7.708 60.4524803162
69523  58.260  -36.573  7.198 63.7846679688
75815  61.285  -5.385  -5.046 64.2469863892
75816  61.621  -5.112  -4.305 60.2218284607
75817  61.352  -4.787  -4.710 61.8338203430
75818  61.375  -4.244  -4.461 59.8606033325
75819  61.040  -4.409  -5.121 63.3879318237
75820  60.727  -4.007  -5.551 64.6929855347
75821  60.568  -4.636  -5.760 67.1044158936
75822  58.821  -5.871  -7.211 74.2777938843
75823  59.170  -5.251  -6.995 73.1226654053
75824  58.374  -5.571  -7.551 73.8450698853
75825  57.907  -5.258  -7.937 70.8454971313
75826  57.558  -5.925  -8.122 69.6250000000
79810  65.348  -17.758  1.901 61.2153892517
79811  65.255  -18.214  1.588 61.5994262695
79812  64.060  -19.145  0.087 68.1610717773
79813  64.337  -18.667  0.304 69.0224456787
79814  63.675  -18.929  -0.227 70.9432983398
79815  63.283  -18.666  -0.450 73.4735641479
79816  62.851  -19.190  -0.648 71.3645858765
79817  62.107  -21.156  -0.826 65.3683319092
79818  62.642  -20.656  -0.702 66.4159698486
79819  61.769  -21.010  -0.964 65.0335159302
79820  59.728  -20.801  -1.328 60.5752487183
79821  60.825  -20.516  -1.126 64.1610794067
79822  60.297  -20.249  -1.185 63.6410560608
79823  60.832  -19.728  -1.088 67.2520141602
79824  59.752  -19.990  -1.282 63.2175178528
79825  59.207  -19.715  -1.393 63.9902915955
79832  58.077  -25.096  -0.719 60.1985321045
79833  58.599  -24.684  -0.926 60.2698974609
88709  60.466  -17.277  3.374 60.2403793335
88940  63.080  -23.383  -0.095 61.9442672729
88941  63.449  -23.710  0.158 60.5799446106
88960  63.638  -25.448  0.740 67.3582687378
88961  63.975  -24.969  0.680 64.7063369751
88962  63.165  -25.073  0.579 67.6652374268
88963  62.728  -24.719  0.317 67.2301177979
88964  62.366  -25.183  0.447 70.1408157349
88965  61.539  -25.273  0.344 72.2202148438
88966  61.997  -25.649  0.585 73.9843521118
88967  61.501  -27.032  1.010 74.2945404053
88968  61.119  -26.613  0.894 74.7639007568
88969  60.584  -27.127  0.949 73.9944152832
88970  59.661  -27.168  0.873 73.6412734985
88971  60.082  -27.573  1.028 73.3057327271
88972  63.012  -28.596  1.381 71.2340240479
88973  62.631  -28.206  1.271 71.8139648438
88974  62.091  -28.672  1.338 72.8714599609
88975  59.814  -29.331  1.332 70.6431350708
88976  60.349  -28.829  1.289 71.5604400635
88977  59.455  -28.912  1.285 70.2780075073
88978  59.055  -28.544  1.237 70.0074615479
88979  58.479  -28.991  1.306 68.8505706787
88980  57.598  -29.025  1.345 65.9889755249
88981  58.000  -29.428  1.371 66.3024978638
88982  57.354  -30.741  1.536 62.6435508728
88983  56.981  -30.389  1.483 61.4993782043
88984  56.462  -30.812  1.561 60.2750282288
88986  55.886  -31.242  1.666 59.6697769165
89035  62.106  -31.912  3.563 73.8487167358
89036  62.679  -31.628  3.340 68.7164154053
89037  61.852  -31.625  3.160 72.7204971313
89038  61.571  -31.333  2.758 71.9315109253
89039  60.976  -31.628  3.018 73.3190917969
89040  59.739  -32.967  4.586 83.8733444214
89041  60.343  -32.666  4.330 83.1069488525
89042  59.526  -32.652  4.225 84.9126434326
89043  58.211  -32.334  3.283 75.6039352417
89044  59.030  -32.253  3.446 78.6295242310
89045  58.761  -32.045  3.019 74.5099334717
89046  59.318  -31.736  2.796 72.3236236572
89047  58.472  -31.859  2.666 70.4041748047
89048  58.216  -31.654  2.303 67.9023818970
89049  57.633  -32.009  2.522 68.1473464966
89050  55.302  -32.602  2.576 63.4065093994
89051  55.892  -32.287  2.324 63.8789710999
89052  55.005  -32.419  2.247 60.8609809875
89062  54.090  -34.113  4.885 66.5346374512
89063  53.824  -33.881  4.539 64.3931961060
89064  53.282  -34.213  4.816 61.9526138306
89078  55.636  -36.481  6.670 59.8467025757
91757  65.033  -17.193  1.124 67.1472167969
91758  65.158  -16.658  1.382 67.0634460449
91759  64.928  -16.785  0.719 70.8781890869
91760  63.893  -16.268  -0.630 82.8390274048
91761  64.555  -16.084  -0.058 78.4005355835
91762  64.260  -15.678  -0.458 81.6698608398
91763  64.485  -15.145  -0.303 79.1927261353
91764  63.918  -15.344  -0.844 85.0759811401
91765  60.025  -17.299  -1.804 82.8172531128
91766  61.111  -17.000  -1.547 87.1399765015
91767  60.629  -16.672  -1.868 87.9829254150
91768  61.474  -15.081  -2.204 93.9492416382
91769  61.905  -15.446  -1.923 92.8937072754
91770  62.407  -14.834  -1.916 92.6138153076
91771  63.215  -14.605  -1.552 88.3655242920
91772  62.908  -14.226  -1.811 88.5863647461
91773  63.305  -13.605  -1.692 85.0242462158
91774  62.611  -13.824  -2.072 88.9550933838
91775  60.990  -13.267  -2.804 93.5985336304
91776  61.928  -13.020  -2.555 90.1477661133
91777  61.554  -12.697  -2.810 91.1530685425
91778  61.976  -12.102  -2.802 85.8854598999
91779  61.063  -12.364  -3.069 91.7751007080
91784  54.019  -17.651  -4.154 60.8909759521
91785  54.619  -16.988  -4.142 66.5321426392
91786  55.557  -16.654  -3.692 72.3196334839
91787  55.210  -16.375  -4.087 71.2380142212
91791  55.564  -14.438  -4.898 77.6748657227
91792  55.044  -15.103  -4.921 72.4588241577
91793  55.961  -14.780  -4.496 79.6821365356
91794  56.396  -15.092  -4.088 81.0004043579
91795  56.956  -14.431  -4.041 86.2544250488
91796  57.934  -14.084  -3.656 90.5675125122
91797  57.425  -13.787  -3.997 89.9251022339
91798  58.137  -12.194  -4.223 92.1027832031
91799  58.627  -12.536  -3.823 95.1728897095
91800  59.173  -11.886  -3.879 93.6920242310
91801  60.186  -11.646  -3.656 93.1631393433
91802  59.745  -11.293  -3.948 91.8560333252
91803  60.338  -10.638  -3.999 84.9945678711
91804  59.304  -10.920  -4.329 88.8258209229
91805  57.535  -10.453  -5.591 83.4943161011
91806  58.542  -10.127  -5.079 83.7923660278
91807  58.230  -9.784  -5.536 81.9779968262
91808  58.865  -9.135  -5.552 79.7059249878
91809  57.878  -9.472  -6.057 80.4176101685
91811  54.945  -11.670  -7.445 65.8294677734
91812  54.726  -11.425  -8.076 60.9112243652
91813  55.564  -9.888  -8.566 61.7284202576
91814  55.808  -10.108  -7.959 66.8182373047
91815  56.397  -9.383  -7.853 70.0118484497
91816  57.274  -8.949  -7.212 74.8924331665
91817  57.013  -8.663  -7.754 71.4352798462
91818  57.443  -7.969  -7.704 72.8751296997
91819  56.626  -8.418  -8.364 66.5952224731
92509  64.474  -15.648  3.122 60.0538139343
92510  64.736  -15.917  3.051 60.4267539978
92511  64.991  -15.790  2.515 63.2000236511
92512  65.129  -15.723  1.913 66.1101989746
93566  58.641  -3.962  -7.509 67.7713165283
93567  58.978  -3.239  -7.330 66.2666244507
93568  58.232  -3.660  -7.910 66.3787002563
93569  57.808  -3.343  -8.332 63.3000221252
94652  62.576  -8.918  -2.998 59.8287658691
94653  62.110  -9.076  -3.492 65.7661743164
94654  61.442  -9.297  -3.892 72.0481491089
95451  62.395  -22.744  -0.631 62.7113990784
95452  61.956  -22.536  -0.840 63.1457557678
95453  61.499  -23.043  -0.884 63.1010971069
95454  60.620  -23.371  -1.113 61.7170600891
97281  65.099  -29.507  2.113 59.7769889832
97283  64.814  -30.394  2.539 60.6775932312
97284  64.340  -30.709  2.700 64.0870132446
97290  59.291  -35.925  6.836 68.5745391846
97291  59.906  -35.666  6.734 71.5150070190
97292  59.197  -35.540  6.504 73.1464767456
97293  59.092  -35.146  6.158 76.5917358398
97294  58.994  -34.761  5.866 79.7747497559
97295  58.867  -34.388  5.619 82.7736511230
97296  58.334  -34.730  5.748 79.3221435547
97297  57.617  -34.766  5.673 78.5959167480
97298  56.873  -34.777  5.607 77.6010665894
97299  56.144  -34.742  5.542 76.3360366821
97300  56.332  -35.135  5.784 73.9694137573
97301  55.790  -35.453  5.975 68.8728332520
97302  55.285  -35.776  6.150 64.1577682495
97842  56.740  -19.028  -2.157 64.2266082764
97843  55.818  -19.299  -2.423 60.5907859802
97844  55.460  -18.947  -2.729 61.6249122620
97845  55.046  -18.561  -3.043 62.7186431885
98961  59.832  -15.261  2.290 60.5144729614
98962  60.151  -14.596  2.037 61.2840919495
98963  60.762  -14.726  2.342 62.0470924377
98964  61.656  -14.223  2.332 63.4021606445
98965  62.490  -13.735  2.219 64.5402908325
98966  64.487  -13.853  1.495 69.7181091309
98967  64.252  -13.531  1.622 69.4794158936
98968  64.421  -13.380  1.120 71.3794250488
98969  64.361  -12.926  0.695 71.5049819946
98970  64.292  -12.477  0.284 69.8023605347
98971  64.207  -12.047  -0.069 67.4780578613
98972  64.298  -12.421  -0.265 71.0575180054
98973  64.166  -12.441  -0.794 72.9569015503
98974  63.863  -12.478  -1.289 75.8199615479
99771  58.801  -26.427  0.481 73.4908981323
99772  58.201  -26.205  0.285 68.8800430298
99773  57.769  -26.635  0.502 68.4928970337
99774  56.758  -26.875  0.487 62.1573715210
101614  59.628  -37.335  9.513 60.0449256897
101615  59.656  -37.170  8.959 61.0633277893
105392  61.733  -6.706  -4.404 62.8933410645
105393  61.829  -6.103  -4.192 60.6784934998
105394  61.434  -6.355  -4.852 65.1707763672
105395  61.110  -6.019  -5.381 66.9062881470
105396  60.698  -5.649  -5.780 68.7381973267
105397  60.298  -5.281  -6.113 69.8477859497
105398  59.988  -5.911  -6.393 73.1189270020
105399  59.191  -6.182  -6.914 74.8469314575
105400  58.523  -6.500  -7.360 73.8556671143
107791  65.134  -18.656  1.255 62.0415763855
107792  64.900  -19.131  0.949 62.4351997375
107793  64.326  -19.375  0.345 65.4282989502
107794  63.602  -19.671  -0.254 67.7226028442
107796  60.765  -21.314  -1.198 62.5481948853
113280  64.773  -25.786  1.065 63.2028923035
113281  64.048  -25.866  0.912 66.7459716797
113282  63.256  -25.944  0.826 70.2805404663
113283  62.435  -26.054  0.777 73.7443847656
113284  62.857  -26.482  0.923 73.6423645020
113285  62.408  -26.965  1.040 74.5339279175
113286  61.890  -27.429  1.101 73.8258056641
113287  61.848  -29.527  1.571 72.1901626587
113288  61.526  -29.165  1.407 72.6986618042
113289  60.953  -29.599  1.460 71.9597473145
113290  60.136  -29.702  1.407 71.0917205811
113291  59.267  -29.770  1.380 69.4267272949
113292  58.402  -29.841  1.369 66.6576004028
113293  58.760  -30.217  1.445 67.1384201050
113294  58.226  -30.656  1.532 65.2724685669
113295  57.637  -31.092  1.652 64.2634124756
113315  62.235  -34.568  6.185 66.7113037109
113317  62.807  -34.251  6.066 62.3631439209
113323  63.752  -32.314  4.430 61.7238044739
113324  63.609  -31.978  3.977 63.7566680908
113325  63.091  -32.226  4.232 69.3138275146
113326  62.355  -32.173  3.990 75.3037414551
113327  61.553  -32.156  3.817 76.9647903442
113328  58.160  -33.006  4.337 81.4010162354
113329  58.721  -32.724  4.089 83.0950088501
113330  57.929  -32.756  3.972 79.8779907227
113331  57.645  -32.598  3.561 76.3763580322
113332  57.385  -32.461  3.154 72.7344284058
113333  57.068  -32.313  2.760 69.1501007080
113334  56.513  -32.580  3.039 70.0748062134
113335  55.623  -32.720  2.915 66.4527282715
113336  54.714  -32.878  2.851 62.9015388489
113338  54.229  -33.109  3.161 62.1808204651
113339  53.750  -33.323  3.439 61.1055107117
113341  53.082  -34.715  5.428 60.3814697266
114959  64.066  -17.621  -0.087 74.7435913086
114960  64.442  -17.003  0.085 74.6849517822
114961  63.823  -17.218  -0.448 78.4500198364
114962  63.450  -16.845  -0.740 81.9518814087
114963  63.084  -16.476  -1.070 85.5587921143
114964  59.249  -16.568  -2.309 84.5803756714
114965  60.287  -16.296  -2.114 88.6008987427
114966  59.935  -15.903  -2.352 89.2250671387
114967  60.541  -15.284  -2.394 92.0622482300
114968  61.111  -14.692  -2.419 94.9216995239
114969  61.723  -14.056  -2.407 92.8279418945
114970  60.779  -14.288  -2.656 95.7160491943
114971  60.402  -13.891  -2.868 96.3993225098
114972  59.983  -13.519  -3.053 96.4136810303
114979  53.740  -15.175  -5.847 60.1650009155
114980  54.369  -14.510  -5.833 64.7328186035
114981  55.206  -14.119  -5.328 73.6464767456
114982  56.041  -13.774  -4.823 82.3200531006
114983  56.973  -13.456  -4.340 88.8333969116
114984  56.593  -13.111  -4.727 85.2403564453
114985  57.129  -12.474  -4.677 88.7213134766
114986  57.683  -11.833  -4.641 88.9349670410
114987  58.282  -11.160  -4.661 88.3455505371
114988  57.261  -11.476  -5.099 85.8714981079
114989  56.931  -11.125  -5.590 82.6087265015
114990  56.568  -10.833  -6.183 79.4004592896
116010  62.431  -15.563  3.307 61.6107482910
116011  62.603  -15.024  3.014 63.0502891541
116012  63.155  -15.127  3.138 62.3081092834
116013  63.769  -14.766  2.847 63.4862213135
116014  64.244  -14.488  2.426 64.9214782715
116015  64.501  -15.216  2.751 62.0800056458
116016  64.553  -14.756  2.328 64.1275939941
116017  64.535  -14.286  1.881 66.9402618408
116018  64.700  -14.162  1.324 69.3281250000
116019  64.756  -14.100  0.710 72.0152511597
116020  64.636  -14.115  0.123 75.4677429199
116640  56.786  -28.206  1.219 63.2455940247
116641  56.258  -27.934  1.081 60.4571571350
118483  59.227  -2.555  -7.200 63.1496505737
118484  59.449  -1.923  -7.056 60.6886978149
121015  61.966  -7.076  -3.905 60.6969184875
121016  61.514  -7.334  -4.563 65.3348617554
121017  60.777  -7.605  -5.080 70.2176589966
121018  59.970  -7.836  -5.565 74.5646209717
122877  64.296  -20.688  0.215 62.9720077515
122878  63.935  -20.507  -0.013 65.7609786987
122879  63.511  -20.975  -0.347 65.7988586426
122880  62.598  -21.298  -0.702 65.7742614746
122881  61.618  -21.670  -0.978 64.4785842896
122882  61.526  -22.371  -0.994 63.6886177063
122883  61.113  -22.179  -1.127 62.2506828308
122884  60.682  -22.007  -1.231 60.7411308289
127148  64.787  -27.645  1.381 65.8570098877
127149  63.974  -27.682  1.280 70.5676498413
127150  64.343  -28.115  1.371 68.4486465454
127151  63.904  -28.583  1.422 69.1531829834
127152  63.384  -29.052  1.521 70.5552597046
127153  64.414  -29.518  1.906 64.2033309937
127154  63.662  -29.521  1.735 68.5213165283
127155  62.765  -29.496  1.630 71.9998016357
127156  62.122  -29.885  1.796 71.0425720215
127157  61.551  -30.297  1.933 70.7900390625
127158  60.979  -30.684  2.117 71.2045822144
127173  61.798  -35.616  7.142 60.4082489014
127174  61.719  -35.224  6.729 64.4248733521
127175  60.485  -35.368  6.605 73.4416351318
127176  61.042  -35.067  6.455 70.1644668579
127177  61.594  -34.796  6.292 67.7386245728
127178  61.506  -34.349  5.938 72.0766677856
127179  61.439  -33.867  5.567 77.8138656616
127180  61.309  -33.397  5.196 79.0385665894
127181  61.253  -33.002  4.851 78.4477081299
127182  60.637  -33.315  5.063 82.9845352173
127183  59.916  -33.300  4.942 83.1200103760
127184  59.175  -33.290  4.836 82.7716979980
127185  58.735  -34.021  5.333 84.0109100342
127186  58.532  -33.637  5.058 82.7165985107
127187  58.376  -33.303  4.696 81.9228286743
127188  57.598  -33.318  4.561 80.5826721191
127189  56.784  -33.359  4.450 77.9919738770
127190  55.973  -33.417  4.403 74.4075851440
127191  55.158  -33.485  4.349 70.5190429688
127192  55.443  -33.718  4.696 72.6308135986
127193  54.917  -34.036  4.965 70.9089736938
127194  54.392  -34.346  5.218 68.1250534058
127195  55.379  -34.725  5.562 73.5234985352
127196  54.609  -34.694  5.517 69.2506408691
127197  53.871  -34.669  5.489 64.9058074951
127198  53.309  -35.007  5.689 61.2696685791
128453  60.298  -18.605  -1.287 74.1331024170
128454  60.879  -17.974  -1.289 79.2031173706
128455  59.869  -18.250  -1.524 75.9177703857
128456  59.450  -17.940  -1.773 77.5130996704
128457  59.008  -17.591  -2.019 78.5087280273
128458  57.334  -18.450  -2.185 69.3119201660
128459  57.962  -17.818  -2.220 74.3645935059
128460  58.576  -17.229  -2.250 79.4807281494
128461  58.229  -16.826  -2.482 80.4699859619
128462  57.895  -16.439  -2.713 81.2803573608
128463  57.537  -16.037  -2.975 82.0636825562
128474  54.137  -13.191  -6.870 60.9719238281
128475  54.675  -12.554  -6.810 65.5878219604
130841  60.406  -13.995  1.788 61.6772537231
130842  60.706  -13.428  1.576 61.3087196350
130843  60.846  -12.805  1.328 59.7466163635
130844  61.585  -12.292  1.313 61.7496490479
130845  62.318  -11.781  1.239 61.9504623413
130846  62.834  -11.427  1.024 62.0777549744
130847  62.803  -14.480  2.702 64.3455123901
130848  63.005  -13.877  2.371 65.2969284058
130849  63.118  -13.300  2.023 65.4363479614
130850  63.951  -13.261  1.706 68.5049362183
130851  63.603  -12.982  1.710 66.7282180786
130852  63.171  -12.774  1.678 65.7151718140
130853  63.248  -12.217  1.375 64.9233016968
130854  63.247  -11.686  1.023 63.7387428284
130855  63.252  -11.144  0.730 62.1599388123
130856  63.573  -10.903  0.354 61.8381500244
130857  63.721  -10.776  -0.065 61.6218261719
130858  63.767  -10.691  -0.558 61.6745185852
130859  64.059  -11.615  -0.426 65.7353591919
130860  63.884  -11.142  -0.764 64.3623504639
130861  63.704  -10.646  -1.083 62.1935462952
130862  63.489  -10.668  -1.655 63.4433746338
130863  63.157  -10.745  -2.188 65.7497329712
130864  62.681  -10.880  -2.685 71.3426666260
132546  60.639  -24.687  -0.323 69.3184204102
132547  60.113  -24.547  -0.599 67.1973114014
132548  59.657  -24.970  -0.386 69.4978713989
132549  58.653  -25.225  -0.448 65.2026290894
132550  57.665  -25.500  -0.467 60.0728874207
132551  57.693  -26.048  0.030 64.3037185669
132552  57.175  -25.913  -0.236 59.6766052246
136441  60.695  -36.457  7.978 59.7660140991
136442  60.118  -36.473  7.622 62.7053985596
136443  59.659  -36.951  8.394 61.0969734192
136444  59.588  -36.705  7.828 62.2847785950
136445  59.452  -36.335  7.298 65.0093536377
136446  58.774  -36.250  7.033 66.7200775146
136447  58.092  -36.207  6.791 67.3329620361
136448  57.446  -36.166  6.634 66.4859695435
136449  56.819  -36.136  6.511 65.5378875732
136450  56.943  -36.488  6.832 62.0167274475
144188  60.790  -3.410  -5.290 61.8819732666
144189  60.421  -3.588  -5.865 65.5829162598
144190  59.792  -3.906  -6.507 69.0010604858
144191  59.916  -4.934  -6.448 70.3811950684
144192  59.487  -4.590  -6.787 70.9260559082
144193  59.061  -4.277  -7.161 69.5243530273
144194  58.242  -4.648  -7.785 69.2700500488
144195  57.483  -5.002  -8.318 67.9513320923
144196  56.714  -5.366  -8.870 62.9406166077
149008  65.330  -16.982  2.428 60.7994880676
149009  65.371  -17.331  2.172 60.8906555176
149010  65.198  -17.463  1.507 63.9136962891
149011  64.849  -17.655  0.847 67.4716567993
149012  64.869  -18.413  0.925 65.0160980225
149013  64.587  -18.145  0.592 68.1635513306
149014  64.341  -17.888  0.269 71.3026275635
149015  63.685  -18.141  -0.247 75.1168365479
149016  62.874  -18.372  -0.674 76.2376861572
149017  61.870  -18.615  -0.911 74.9284973145
149018  63.533  -20.346  -0.269 66.7604141235
149019  63.130  -20.174  -0.532 67.8030548096
149020  62.767  -19.957  -0.681 68.9530105591
149021  61.316  -20.789  -1.076 64.6733093262
149022  61.815  -20.247  -0.944 67.1327209473
149023  62.367  -19.720  -0.810 69.7447662354
149024  61.886  -19.469  -0.918 70.4354324341
149025  61.351  -19.153  -0.981 71.1908416748
149026  60.833  -18.854  -1.101 72.4192199707
149027  59.752  -19.145  -1.319 69.0238723755
149028  58.658  -19.462  -1.548 65.3979034424
149029  57.660  -19.704  -1.765 61.6722793579
149036  59.599  -24.376  -0.877 63.0523033142
159691  59.400  -15.886  2.441 59.6477394104
159692  60.040  -15.986  2.745 60.3381004333
159693  60.679  -16.045  3.002 61.0111198425
159701  60.255  -16.664  3.101 60.1390228271
159702  61.319  -16.105  3.249 61.6491012573
159703  61.993  -16.166  3.452 60.1960792542
159975  63.618  -22.029  -0.189 60.1558074951
159978  63.146  -22.574  -0.335 60.9615402222
159979  62.711  -23.109  -0.401 62.4637985229
159980  62.248  -23.600  -0.414 65.2223205566
159981  61.928  -24.081  -0.331 67.3551864624
160005  63.821  -24.069  0.430 59.7961807251
160006  63.067  -24.224  0.219 64.3558883667
160007  62.306  -24.383  0.011 67.1564559937
160008  61.517  -24.511  -0.176 68.4953689575
160009  61.119  -24.942  0.003 70.6715927124
160010  60.708  -25.388  0.205 73.1420669556
160011  60.241  -25.859  0.418 73.5034408569
160012  61.559  -26.150  0.727 75.6058349609
160013  60.669  -26.239  0.679 75.2280960083
160014  59.742  -26.340  0.571 74.7831802368
160015  59.260  -26.778  0.708 73.9704971313
160016  58.769  -27.216  0.856 70.9529113770
160017  58.262  -27.676  1.020 68.2988662720
160018  63.122  -27.751  1.209 71.8773422241
160019  62.263  -27.819  1.146 72.7353820801
160020  61.377  -27.913  1.136 73.1160964966
160021  61.202  -28.764  1.311 72.6792373657
160022  60.868  -28.380  1.200 72.7643585205
160023  60.476  -27.980  1.104 72.9206085205
160024  59.585  -28.036  1.129 71.4027099609
160025  58.649  -28.130  1.156 69.4370574951
160026  57.718  -28.170  1.178 66.9028701782
160027  57.201  -28.611  1.302 65.6807327271
160028  56.712  -29.073  1.395 62.7844429016
160029  56.234  -29.545  1.466 60.0588264465
160030  57.487  -29.919  1.424 63.7664756775
160031  56.567  -29.997  1.475 60.7326431274
160091  64.532  -31.054  3.156 60.0704803467
160092  63.784  -31.037  2.888 64.2068710327
160093  63.450  -31.646  3.510 64.0774917603
160094  63.225  -31.344  3.113 65.4547805786
160095  62.971  -31.011  2.688 67.5845260620
160096  62.144  -31.000  2.534 70.0121154785
160097  61.255  -31.029  2.458 71.3569564819
160098  60.377  -31.062  2.333 70.6517715454
160099  61.117  -32.674  4.470 79.1271514893
160100  60.952  -32.401  4.072 80.8321914673
160101  60.700  -32.166  3.679 78.2687606812
160102  59.299  -32.459  3.834 82.6667785645
160103  59.846  -32.179  3.582 79.1014633179
160104  60.342  -31.891  3.304 75.6698913574
160105  60.101  -31.651  2.922 73.1393203735
160106  59.802  -31.403  2.559 70.6323318481
160107  59.553  -31.155  2.182 69.4661026001
160108  58.758  -31.270  2.041 67.9107055664
160109  57.936  -31.401  1.943 65.9951400757
160110  57.079  -31.560  1.860 63.8145332336
160111  56.777  -32.166  2.422 66.1782913208
160112  56.487  -31.931  2.080 63.7717361450
160113  56.205  -31.624  1.833 61.6088714600
160126  54.343  -33.588  4.252 66.4171447754
160127  53.559  -33.697  4.172 61.9816131592
160144  56.171  -36.164  6.446 64.1681900024
160145  55.496  -36.166  6.396 62.1334648132
160146  54.783  -36.107  6.355 59.9642066956
163357  65.280  -16.580  2.030 63.5654907227
163358  65.201  -16.168  1.627 66.6478271484
163359  65.134  -15.758  1.254 69.3890686035
163360  64.724  -16.442  0.316 74.9513702393
163361  64.916  -15.905  0.566 73.3219757080
163362  64.984  -15.369  0.801 71.7163314819
163363  64.839  -14.999  0.376 74.3270950317
163364  64.604  -14.643  -0.081 77.1429748535
163365  64.351  -14.260  -0.473 79.9615783691
163366  61.513  -17.338  -1.276 84.4535446167
163367  62.129  -16.729  -1.327 87.1980743408
163368  62.692  -16.125  -1.337 89.4968490601
163369  61.313  -16.050  -1.891 90.4453353882
163370  62.318  -15.822  -1.647 91.8979568481
163371  63.180  -15.564  -1.280 91.9072265625
163372  63.563  -14.998  -1.223 88.2738189697
163373  63.874  -14.418  -1.066 84.3620223999
163374  64.122  -13.853  -0.853 80.9915466309
163375  63.898  -13.429  -1.172 81.1000289917
163376  63.616  -13.036  -1.503 80.7283554077
163377  63.364  -12.629  -1.823 80.0753936768
163378  62.256  -13.400  -2.362 89.4014816284
163379  62.712  -12.782  -2.289 85.8352203369
163380  63.077  -12.233  -2.142 79.2968597412
163381  62.707  -11.860  -2.446 78.5877151489
163382  62.359  -11.489  -2.753 78.1485214233
163383  61.971  -11.125  -3.087 78.5927886963
163386  54.687  -18.261  -3.402 62.2076034546
163388  54.348  -17.944  -3.772 61.5196418762
163389  55.295  -17.621  -3.356 66.9188003540
163390  55.891  -16.989  -3.304 71.9944915771
163391  56.524  -16.331  -3.306 77.5890502930
163392  57.195  -15.688  -3.316 82.8495483398
163395  53.817  -16.440  -4.956 61.4324989319
163396  54.117  -15.451  -5.360 63.9933471680
163397  54.422  -15.772  -4.923 66.7436981201
163398  54.764  -16.096  -4.531 68.9682998657
163399  55.760  -15.748  -4.111 76.1964340210
163400  56.797  -15.377  -3.719 82.4530944824
163401  57.821  -15.041  -3.338 88.1161804199
163402  58.399  -14.389  -3.335 91.3556137085
163403  58.957  -13.805  -3.325 94.0368347168
163404  59.508  -13.192  -3.317 95.8915634155
163405  57.948  -13.194  -3.944 93.5438842773
163406  59.044  -12.870  -3.595 95.4714660645
163407  60.073  -12.602  -3.327 93.9701156616
163408  60.627  -12.009  -3.353 92.3768920898
163409  61.141  -11.400  -3.402 86.1680908203
163410  61.555  -10.753  -3.402 79.3923492432
163411  61.236  -10.378  -3.689 80.2950057983
163412  60.909  -9.966  -3.955 78.8189010620
163413  60.580  -9.613  -4.295 77.7780914307
163414  58.925  -10.529  -4.691 86.0469589233
163415  59.616  -9.887  -4.674 81.2003936768
163416  60.240  -9.203  -4.687 77.3501815796
163417  59.822  -8.832  -5.113 77.3073883057
163418  59.446  -8.523  -5.575 77.7400588989
163419  59.044  -8.172  -6.076 77.6993713379
163420  55.217  -11.872  -6.820 70.2268981934
163421  55.739  -11.224  -6.808 74.3734283447
163422  56.291  -10.556  -6.743 76.0221939087
163423  55.221  -10.756  -8.080 64.4850616455
163424  56.030  -10.312  -7.384 71.5206909180
163425  56.898  -9.901  -6.690 78.0243225098
163426  57.494  -9.262  -6.680 77.6285018921
163427  58.150  -8.547  -6.614 77.5434265137
163428  58.708  -7.874  -6.602 77.6020736694
163429  58.336  -7.550  -7.139 77.0102767944
163430  57.989  -7.247  -7.580 74.2812576294
163431  57.618  -6.944  -7.998 71.6453628540
163432  56.223  -8.117  -8.843 61.9747161865
163433  56.681  -7.393  -8.668 65.6928863525
163434  57.160  -6.652  -8.375 68.7919082642
163435  56.675  -6.407  -8.750 64.8682556152
163436  56.252  -6.132  -9.159 61.0716171265
