#!ascii label  , from subject fsaverage vox2ras=TkReg
1106
144  46.923  -19.174  1.777 34.8074188232
145  37.599  -29.330  12.569 45.3039512634
590  42.383  -23.404  7.683 39.6449699402
593  46.929  -31.255  8.915 48.5660972595
1308  35.340  -27.595  9.237 34.6577339172
1309  39.979  -26.192  10.456 42.5268898010
1310  47.213  -22.882  7.022 31.7749977112
1311  44.202  -26.603  7.664 49.2245063782
1317  53.112  -31.212  9.505 36.7946968079
1318  54.858  -27.092  7.427 40.6660118103
1419  43.247  -23.146  -1.223 38.4459648132
2403  40.610  -25.420  1.796 36.3620758057
2405  38.005  -26.733  5.390 36.9574966431
2406  44.447  -21.419  4.611 36.3145027161
2414  40.360  -34.641  12.772 30.9901390076
2415  41.709  -30.943  8.985 55.9880523682
2416  48.962  -27.305  6.350 47.9328422546
3227  35.214  -29.050  13.361 36.9241409302
3228  36.420  -28.103  11.592 40.2004890442
3229  38.856  -27.782  11.532 46.0636253357
3230  42.488  -26.288  9.685 43.4294052124
3231  40.985  -28.141  10.230 52.6359176636
3237  56.306  -31.466  9.585 29.2857933044
3238  57.211  -29.626  7.846 36.8000030518
3339  45.319  -21.568  0.165 39.8768692017
3340  46.071  -20.518  -1.663 35.6690521240
3341  47.969  -18.408  -0.167 30.7946910858
5365  39.007  -26.162  8.172 45.2075424194
5366  36.667  -27.135  7.314 37.8861427307
5367  40.270  -25.447  6.334 42.5347480774
5368  41.428  -24.718  4.589 39.5782318115
5369  43.428  -22.315  6.212 36.7935867310
5371  46.053  -21.149  7.417 28.2974452972
5372  48.794  -23.012  4.784 28.0258560181
5388  46.213  -33.160  10.603 34.0995445251
5390  43.448  -33.185  10.409 45.1227302551
5391  40.932  -32.919  10.677 46.7650909424
5392  44.314  -31.289  8.580 55.0212821960
5393  45.253  -29.269  7.029 59.0910491943
5394  47.924  -29.307  7.575 53.7691116333
5395  58.955  -25.305  6.518 31.9562911987
5396  55.718  -25.043  6.943 32.7767028809
6963  34.001  -28.003  11.348 31.5629482269
6964  37.740  -27.051  9.917 42.4242362976
6965  41.228  -24.666  9.140 41.9736137390
6966  45.002  -22.876  8.306 32.5092658997
6967  43.827  -24.505  9.115 35.7698554993
6968  45.732  -24.698  7.480 38.4960861206
6969  47.481  -25.007  5.412 36.6949806213
6979  50.060  -31.051  9.328 39.4484443665
6980  50.789  -29.120  7.946 46.6017913818
6981  53.986  -29.317  8.195 42.3566055298
6982  58.145  -27.426  6.739 35.7425422668
7163  43.743  -21.882  -2.930 33.0105590820
9764  42.001  -24.406  0.200 36.5010833740
9765  43.926  -22.879  1.542 39.8994483948
9772  39.327  -26.150  3.586 35.1730003357
9773  42.636  -23.953  2.988 38.5893516541
9774  45.596  -20.409  3.074 36.9743003845
9792  36.485  -31.063  13.667 34.6681900024
9800  38.655  -32.170  11.730 41.8684272766
9801  39.684  -30.135  10.627 52.4174804688
9802  42.784  -28.757  7.892 59.0688972473
9803  46.340  -27.139  5.946 51.4216308594
9804  50.164  -25.389  5.318 29.2138061523
9805  51.602  -27.168  7.148 41.7211074829
10907  36.387  -29.201  13.120 40.9755592346
10908  36.930  -28.592  12.403 42.8594894409
10909  38.183  -28.595  12.054 46.5594978333
10910  39.986  -27.907  11.074 48.9669685364
10911  39.298  -28.772  11.452 50.8422584534
11019  46.248  -20.379  0.922 37.9595909119
11020  46.656  -20.070  -0.003 36.1505508423
11021  47.439  -18.869  0.763 32.8690948486
13045  40.647  -24.765  7.848 43.5651626587
13046  39.664  -25.735  7.259 44.6950569153
13047  41.269  -24.302  6.976 41.7930030823
13048  41.812  -23.917  6.098 40.4320831299
13049  42.914  -22.864  6.953 37.4020423889
13050  44.734  -21.515  7.018 32.5344696045
13051  44.197  -22.268  7.637 33.6657638550
13068  46.577  -32.181  9.733 42.8786010742
13069  44.850  -33.170  10.425 40.6484107971
13070  45.198  -32.230  9.552 48.3846549988
13071  43.846  -32.262  9.482 51.0739936829
13072  45.672  -31.293  8.728 52.9076766968
13073  46.109  -30.367  7.950 55.3824043274
13074  47.443  -30.269  8.196 52.1939086914
13076  59.407  -24.377  6.415 29.0649127960
15444  33.447  -28.165  12.459 29.6707401276
15445  38.215  -27.213  11.028 43.5777587891
15446  37.079  -27.586  10.773 41.0700454712
15447  38.799  -26.523  10.343 44.4269638062
15448  39.419  -25.811  9.539 45.0505867004
15449  40.552  -25.419  9.842 41.9573860168
15450  42.516  -24.524  9.362 37.8795776367
15451  41.867  -25.309  9.882 38.9310226440
15452  43.432  -26.451  8.772 45.9855690002
15453  44.221  -25.489  8.630 40.9708938599
15454  44.975  -25.640  7.588 43.0993957520
15455  46.538  -24.815  6.300 39.6134033203
15456  45.716  -25.838  6.470 44.8025627136
15468  52.640  -32.081  10.355 29.7614364624
15470  51.113  -31.980  10.343 30.9166126251
15471  49.573  -32.017  10.158 32.6691703796
15472  51.548  -31.051  9.541 37.9679985046
15473  51.908  -30.155  8.782 42.3656616211
15474  53.555  -30.268  8.798 40.5653457642
15475  59.154  -28.875  7.131 32.1258506775
15476  57.668  -28.559  7.139 36.8795013428
15477  59.635  -27.713  6.495 31.9453029633
15478  60.069  -26.517  6.145 29.8504581451
15774  42.039  -23.585  -1.782 32.5085296631
15775  42.276  -22.961  -2.602 30.8573284149
15776  43.540  -22.528  -2.065 35.7280693054
15777  47.471  -18.970  -1.855 30.8154830933
15778  46.399  -19.827  -2.490 31.3871955872
21842  39.397  -25.690  1.418 30.3057460785
21843  40.126  -25.254  0.558 31.3514671326
21844  41.256  -24.987  0.973 36.0006027222
21845  42.998  -23.771  0.808 39.8707847595
21846  42.328  -24.319  1.578 38.9182319641
21855  33.572  -27.363  10.216 28.6535091400
21857  34.208  -27.231  9.135 29.9456081390
21858  37.364  -26.927  6.333 37.7310981750
21859  35.463  -26.945  7.116 32.9458770752
21860  36.114  -26.794  6.137 33.3393821716
21862  36.766  -26.655  5.168 31.4397945404
21863  37.484  -26.466  4.212 30.8041591644
21864  38.696  -26.450  4.510 35.7682647705
21865  42.990  -23.136  4.490 38.3908767700
21866  41.995  -24.352  3.769 38.7983703613
21867  43.594  -22.815  3.700 37.7821388245
21868  44.217  -22.323  3.010 37.9409217834
21869  45.051  -20.928  3.819 36.7866706848
21870  46.463  -19.004  3.865 32.8385047913
21871  45.947  -19.614  4.703 32.9299545288
21877  46.237  -22.857  7.933 31.9280548096
21878  46.863  -21.982  7.651 28.6273822784
21926  41.580  -34.865  12.589 29.4499435425
21932  39.110  -34.370  13.238 29.3374786377
21933  41.349  -31.962  9.761 51.7310218811
21934  39.774  -32.619  11.097 44.3580284119
21935  40.161  -31.609  10.276 50.0841560364
21936  39.123  -31.159  11.065 47.9047050476
21937  40.701  -30.554  9.615 54.8813171387
21938  41.249  -29.469  9.227 58.2358741760
21939  42.225  -29.849  8.350 59.3723983765
21940  47.108  -28.353  6.555 54.0948371887
21941  45.821  -28.190  6.412 57.3368568420
21942  47.697  -27.300  5.997 49.2687835693
21943  48.254  -26.317  5.503 41.0726928711
21944  49.627  -26.321  5.864 38.0969009399
21945  52.789  -28.099  7.649 45.0472602844
21946  51.187  -28.163  7.540 47.6016769409
21947  53.194  -27.045  7.326 41.5852775574
21949  54.151  -25.052  6.764 30.0422611237
24241  33.999  -28.787  13.514 31.5764236450
24242  34.576  -28.541  12.461 34.2688751221
24243  35.779  -28.599  12.492 38.9181976318
24244  37.646  -27.914  11.713 43.5472984314
24245  39.472  -26.957  11.016 44.4311866760
24246  41.277  -26.160  10.269 41.3347625732
24247  40.714  -27.041  10.626 45.8025856018
24248  41.759  -27.219  9.939 48.7990493774
24249  42.653  -27.363  8.939 52.2679901123
24259  54.818  -31.325  9.441 34.2745666504
24260  55.227  -30.429  8.648 38.4310874939
24261  56.800  -30.601  8.677 34.1383743286
24262  58.695  -29.842  7.944 30.8994426727
24441  44.329  -22.465  -0.575 40.1377372742
24442  44.626  -21.949  -1.435 38.6527671814
24443  45.716  -21.090  -0.753 38.3862037659
24444  47.110  -19.542  -0.929 33.7755546570
24445  48.444  -17.906  -1.137 28.4113159180
28083  38.787  -25.988  2.290 30.4317569733
28089  37.213  -27.221  8.619 40.7553520203
28090  35.977  -27.361  8.293 36.6441650391
28091  37.929  -26.894  7.675 42.5240135193
28092  38.599  -26.565  6.749 41.8496665955
28093  39.249  -26.263  5.816 40.5101203918
28094  39.829  -25.972  4.934 39.0089988708
28095  40.903  -25.057  5.426 40.6750755310
28096  42.425  -23.528  5.240 39.4652595520
28097  43.959  -21.799  5.466 36.3838920593
28098  45.517  -20.181  5.549 33.5209770203
28099  45.089  -20.847  6.308 32.5915718079
28102  47.927  -22.938  5.827 30.5943775177
28132  44.505  -34.079  11.431 29.7734165192
28133  43.140  -34.101  11.402 37.0335693359
28134  41.811  -34.030  11.491 38.8783187866
28135  40.580  -33.826  11.703 40.6778373718
28136  42.152  -33.138  10.496 46.6681556702
28137  42.527  -32.188  9.525 52.6037597656
28138  43.013  -31.171  8.590 57.0733833313
28139  43.455  -30.155  7.832 59.3643569946
28140  44.771  -30.310  7.756 57.7818984985
28141  46.562  -29.356  7.216 57.0246887207
28142  48.373  -28.300  6.933 51.9849815369
28143  56.888  -26.203  7.063 36.7037811279
28144  55.323  -26.062  7.217 37.3271942139
28145  57.343  -25.169  6.904 33.6604232788
28146  57.750  -24.160  6.651 28.6367855072
31607  34.664  -27.864  10.277 32.9177856445
31608  35.165  -28.242  11.493 36.1584396362
31609  35.884  -27.887  10.470 37.4431343079
31610  36.563  -27.536  9.528 39.0234985352
31611  38.357  -26.574  9.040 43.8646392822
31612  39.989  -25.301  8.714 44.7985839844
31613  41.772  -24.027  8.462 41.1460494995
31614  43.700  -22.995  8.220 35.7489204407
31615  43.006  -23.762  8.810 37.1983451843
31616  44.415  -23.670  8.737 33.6279487610
31617  45.585  -23.708  8.243 34.2633895874
31618  43.174  -25.359  9.419 39.1277084351
31619  44.912  -24.581  8.423 37.2774391174
31620  46.482  -23.810  7.270 34.8730354309
31621  47.215  -23.871  6.102 34.6540107727
31622  48.134  -24.013  5.155 31.3822593689
31644  48.048  -32.122  9.902 37.3048744202
31645  48.398  -31.165  9.096 44.0050811768
31646  48.852  -30.199  8.377 48.3171386719
31647  50.394  -30.108  8.576 44.8084945679
31648  52.338  -29.176  8.123 44.0844268799
31649  54.471  -28.185  7.682 42.8835678101
31650  55.608  -29.494  8.032 40.4592094421
31651  56.089  -28.399  7.460 40.2248611450
31652  56.508  -27.266  7.203 38.8040580750
31653  58.504  -26.259  6.546 34.1498794556
31654  60.528  -25.449  6.028 28.1682167053
32072  44.992  -21.248  -2.321 36.2936401367
32073  45.126  -20.624  -3.141 29.6121177673
33952  33.636  -29.112  14.434 28.6193351746
33953  34.731  -29.495  14.256 33.4207420349
33954  35.905  -29.780  13.785 37.1666069031
34356  47.538  -17.740  2.603 30.9010887146
34357  48.072  -17.413  1.612 28.5810184479
39525  41.428  -24.189  -1.039 31.5257015228
39527  40.722  -24.794  -0.250 31.3925457001
39528  42.650  -23.820  -0.528 37.7842826843
39529  43.702  -23.123  0.118 39.9532966614
39530  44.545  -22.323  0.817 40.1317520142
39531  45.423  -21.292  1.623 38.6847152710
39544  34.833  -27.065  8.064 31.5899600983
39551  38.119  -26.248  3.232 31.5364074707
39552  39.943  -25.830  2.665 35.9286651611
39553  40.436  -25.651  4.047 38.3750724792
39554  41.014  -25.276  3.160 38.3055076599
39555  41.673  -24.824  2.368 38.2681922913
39556  43.232  -23.512  2.273 39.0970535278
39557  44.835  -21.803  2.341 38.7602119446
39558  46.211  -19.828  2.503 36.0371665955
39559  46.966  -18.378  3.265 31.3267631531
39568  45.588  -22.014  7.870 30.3087844849
39611  35.423  -30.503  14.544 31.4872970581
39612  37.009  -30.205  13.079 40.9709014893
39634  39.324  -33.576  12.161 37.7240715027
39635  38.230  -33.130  12.712 34.2576255798
39636  37.145  -32.568  13.455 30.6067657471
39637  37.567  -31.616  12.637 38.2030258179
39638  38.105  -30.681  12.058 44.4198455811
39639  38.716  -29.752  11.677 49.0607872009
39640  40.375  -29.112  10.375 55.4201812744
39641  41.919  -28.424  9.013 56.1018600464
39642  43.467  -27.646  7.727 56.4043998718
39643  43.890  -29.113  7.222 59.4819679260
39644  44.463  -27.927  6.749 57.5427474976
39645  45.102  -26.849  6.532 50.7615623474
39646  46.884  -26.142  5.655 43.7699089050
39647  48.815  -25.307  5.063 34.5872650146
39649  49.338  -29.207  7.808 49.7687606812
39650  49.730  -28.235  7.309 49.6316490173
39651  50.237  -27.231  6.829 44.4388046265
39652  53.651  -26.062  7.079 37.0680160522
39653  52.139  -26.136  6.796 35.7769584656
39654  50.817  -26.222  6.333 37.7361335754
41627  36.984  -29.264  12.886 43.1184349060
41628  37.268  -28.924  12.594 44.0666389465
41629  37.893  -28.965  12.321 45.9589500427
41630  38.760  -28.668  11.789 48.5832786560
41631  38.444  -29.070  11.985 47.8969497681
41739  46.599  -19.819  1.358 36.4739837646
41740  46.839  -19.647  0.843 35.4557037354
41741  47.176  -19.046  1.261 33.8573722839
43765  41.497  -24.047  7.718 41.7352409363
43766  40.953  -24.520  7.440 42.7379951477
43767  41.815  -23.782  7.333 40.5502471924
43768  42.030  -23.589  6.947 39.4832496643
43769  42.651  -23.120  7.312 38.4635505676
43770  43.556  -22.497  7.314 35.5923347473
43771  43.279  -22.854  7.637 36.5758438110
43788  46.744  -31.729  9.331 46.2801589966
43789  45.877  -32.241  9.649 45.7191123962
43790  46.067  -31.750  9.223 48.6401634216
43791  45.419  -31.755  9.130 50.8829421997
43792  46.320  -31.251  8.799 50.8016433716
43793  46.525  -30.796  8.449 52.7946586609
43794  47.209  -30.767  8.546 50.6805686951
46164  33.230  -28.248  12.977 28.6615066528
46165  39.068  -26.674  10.779 43.5466575623
46166  38.487  -26.870  10.708 43.8607254028
46167  39.356  -26.329  10.445 43.3962211609
46168  39.626  -25.956  10.101 43.4929122925
46169  40.242  -25.796  10.193 42.0845870972
46170  41.193  -25.340  9.922 40.3453903198
46171  40.911  -25.734  10.171 40.8747634888
46172  43.835  -26.523  8.219 47.5205535889
46173  44.241  -26.043  8.182 44.4088745117
46174  44.562  -26.138  7.643 45.8629188538
46175  45.345  -25.722  7.019 44.3368721008
46176  44.939  -26.225  7.064 47.5022544861
46188  52.906  -31.634  9.901 33.4835929871
46189  51.860  -32.026  10.348 30.3397922516
46190  52.103  -31.582  9.930 34.1845970154
46191  51.313  -31.542  9.934 34.9331092834
46192  52.273  -31.146  9.559 37.3096122742
46193  52.474  -30.678  9.188 39.3778419495
46194  53.283  -30.742  9.145 38.6516456604
46195  60.112  -28.484  6.804 29.1428928375
46196  59.399  -28.314  6.783 32.7203216553
46197  60.344  -27.913  6.496 28.5307998657
46494  42.651  -23.404  -1.515 35.5436019897
46495  42.783  -23.090  -1.931 34.6637153625
46496  43.363  -22.878  -1.637 37.0429763794
46497  48.170  -18.148  -1.939 27.9579448700
46498  47.597  -18.680  -2.283 29.0264873505
52562  40.034  -25.607  1.578 33.3103256226
52563  40.358  -25.394  1.164 33.2989120483
52564  40.947  -25.216  1.372 35.9859428406
52565  41.793  -24.689  1.263 38.3772277832
52566  41.466  -24.943  1.652 38.1550254822
52575  34.397  -27.541  9.691 31.6292724609
52576  33.872  -27.307  9.675 29.2564067841
52577  34.733  -27.456  9.182 32.4863319397
52578  37.677  -26.821  5.865 37.2921714783
52579  36.732  -26.950  6.218 35.7416419983
52580  37.059  -26.830  5.733 35.3992309570
52581  36.458  -26.720  5.650 32.2090911865
52582  37.407  -26.742  5.253 34.5328750610
52583  37.770  -26.625  4.791 33.7870559692
52584  38.377  -26.585  4.966 36.5660247803
52585  43.720  -22.292  4.562 37.7323989868
52586  43.314  -22.947  4.076 38.0640296936
52587  44.043  -22.116  4.125 37.3660697937
52588  44.331  -21.879  3.752 37.2048606873
52589  44.756  -21.183  4.212 36.4768371582
52590  45.505  -20.220  4.273 34.7449569702
52591  45.230  -20.507  4.668 34.6795158386
52597  46.761  -22.874  7.540 31.8527412415
52598  47.079  -22.444  7.417 30.0842361450
52599  47.561  -22.455  6.954 29.8524723053
52646  40.959  -34.767  12.667 30.2297554016
52652  39.752  -34.508  12.957 31.2304115295
52653  41.547  -31.443  9.340 53.9120178223
52654  40.766  -31.783  9.960 50.8929557800
52655  40.939  -31.272  9.599 53.2885627747
52656  40.378  -31.082  9.944 52.6742248535
52657  41.190  -30.763  9.262 55.4937553406
52658  41.438  -30.214  8.968 57.4201316833
52659  41.990  -30.403  8.629 57.6550865173
52660  48.005  -27.847  6.395 51.1314888000
52661  47.418  -27.799  6.251 52.6576461792
52662  48.350  -27.313  6.138 48.7715148926
52663  48.657  -26.826  5.880 43.7783699036
52664  49.311  -26.812  6.094 43.3801345825
52665  53.854  -27.549  7.543 42.9465827942
52666  52.979  -27.557  7.476 43.6466827393
52667  54.019  -27.049  7.409 41.1400718689
55762  34.602  -28.941  13.454 34.1805419922
55763  34.826  -28.782  12.994 35.9305877686
55764  35.486  -28.827  12.915 38.3688201904
55765  37.900  -28.196  11.950 45.3612480164
55766  37.307  -28.247  12.048 43.5600814819
55767  38.206  -27.821  11.664 44.8452911377
55768  38.486  -27.453  11.352 44.3705635071
55769  39.116  -27.398  11.279 45.2038269043
55770  40.138  -26.974  10.858 44.8944206238
55771  39.790  -27.419  11.125 46.0176620483
55772  40.534  -28.016  10.684 50.7466583252
55773  40.865  -27.590  10.501 49.0625762939
55774  41.351  -27.700  10.076 50.7964630127
55775  42.218  -27.300  9.480 50.4633178711
55776  41.814  -27.783  9.590 52.6577339172
55790  55.296  -31.847  9.962 28.6829452515
55791  54.488  -31.803  9.912 30.5461616516
55792  55.562  -31.396  9.502 32.0839805603
55793  55.829  -30.963  9.044 34.3831710815
55794  56.516  -31.036  9.116 32.1933364868
55796  58.471  -30.327  8.372 29.1010227203
55798  59.655  -29.467  7.570 28.0716705322
56094  44.854  -22.024  -0.199 40.4082908630
56095  45.021  -21.796  -0.661 39.4099388123
56096  45.537  -21.318  -0.290 39.0796775818
56097  47.293  -19.270  -0.077 33.6548080444
56098  46.893  -19.805  -0.458 35.1830711365
56099  47.540  -19.021  -0.549 32.4942016602
56100  47.772  -18.742  -1.037 31.1724491119
56101  48.203  -18.182  -0.655 29.6290206909
62175  38.117  -26.753  8.374 43.6604576111
62176  37.544  -27.047  8.140 41.6611328125
62177  38.462  -26.593  7.899 44.1054649353
62178  39.936  -25.580  6.816 43.8077621460
62179  39.133  -26.217  6.986 43.2884864807
62180  39.421  -26.056  6.549 42.8360252380
62181  38.912  -26.432  6.267 41.4347915649
62182  39.781  -25.895  6.059 41.8055114746
62183  40.120  -25.735  5.607 40.9978981018
62184  40.600  -25.249  5.870 41.4929351807
62185  42.583  -23.130  6.135 38.4887847900
62186  42.105  -23.715  5.674 40.2225036621
62187  42.850  -22.909  5.746 38.2666664124
62188  43.174  -22.704  5.337 38.0155982971
62189  43.684  -22.073  5.835 36.5101203918
62190  44.501  -21.274  5.917 35.0395622253
62191  44.266  -21.550  6.284 35.2745628357
62192  45.370  -21.277  7.306 30.2035522461
62193  45.541  -20.909  6.974 29.6882038116
62197  48.343  -22.954  5.261 30.0653877258
62243  46.038  -33.620  11.083 28.5075740814
62245  45.343  -33.627  10.999 31.9869499207
62246  44.147  -33.188  10.399 43.7030792236
62247  44.003  -33.627  10.874 39.1033897400
62248  43.279  -33.654  10.906 41.6661987305
62249  42.444  -34.088  11.445 37.9587516785
62250  42.598  -33.636  10.941 42.6227836609
62251  41.983  -33.598  10.988 43.4342727661
62252  42.791  -33.177  10.446 45.8820686340
62253  44.058  -31.795  9.034 53.0096244812
62254  43.171  -32.245  9.490 51.8025321960
62255  43.401  -31.757  9.017 53.9649047852
62256  42.752  -31.697  9.064 54.9767074585
62257  43.668  -31.241  8.554 56.1937255859
62258  43.882  -30.749  8.138 57.7882308960
62259  44.558  -30.802  8.158 56.6692810059
62260  47.019  -29.857  7.732 54.8464012146
62261  46.328  -29.880  7.569 56.1729125977
62262  47.232  -29.346  7.398 55.5957069397
62263  47.472  -28.830  7.058 55.0084571838
62264  48.134  -28.799  7.251 54.2397346497
62265  57.936  -25.733  6.812 34.4512519836
62266  57.140  -25.676  7.014 35.6419563293
62267  58.165  -25.234  6.753 32.9751358032
62269  58.574  -24.279  6.582 29.5827121735
69370  33.231  -27.828  11.863 28.2663021088
69372  33.447  -27.766  11.326 29.2239093781
69373  33.738  -27.709  10.775 30.0040454865
69374  34.274  -27.923  10.823 32.2003936768
69375  35.501  -28.403  11.995 37.4325523376
69376  34.858  -28.379  11.957 35.2118530273
69377  35.821  -28.205  11.517 38.2058296204
69378  37.425  -27.319  10.347 41.7401466370
69379  36.487  -27.780  10.603 39.3266716003
69380  36.845  -27.543  10.171 40.1247978210
69381  36.231  -27.728  9.992 38.2084274292
69382  37.168  -27.326  9.707 40.9490661621
69383  37.509  -27.128  9.244 41.8244361877
69384  38.050  -26.806  9.468 43.0953598022
69385  40.263  -25.253  9.297 44.3771934509
69386  39.685  -25.569  9.118 45.3301582336
69387  40.548  -24.949  8.943 44.3646240234
69388  40.876  -24.665  8.542 43.6547584534
69389  41.508  -24.370  8.811 41.5422630310
69390  42.424  -23.852  8.693 39.0570716858
69391  42.166  -24.175  9.012 39.4664535522
69392  43.184  -24.506  9.319 35.8807830811
69393  43.471  -24.104  9.068 35.6590538025
69394  44.122  -24.090  8.932 34.5559349060
69395  45.041  -23.674  8.552 33.9156036377
69396  44.720  -24.099  8.698 35.0579910278
69397  41.906  -26.222  10.018 42.2484207153
69398  42.235  -25.749  9.865 39.9258575439
69399  42.800  -25.819  9.589 40.9569702148
69400  44.978  -25.106  8.060 39.9205894470
69401  44.585  -25.030  8.530 39.0887794495
69402  45.359  -24.644  7.978 38.0424461365
69403  45.710  -24.211  7.909 36.2313728333
69404  46.089  -24.259  7.379 36.5396728516
69405  46.822  -23.840  6.693 34.7431449890
69406  46.454  -24.297  6.797 36.6612815857
69407  46.990  -24.899  5.819 38.2289276123
69408  47.331  -24.410  5.691 35.7727050781
69409  47.807  -24.520  5.305 33.5349807739
69410  48.653  -24.140  4.797 29.0716629028
69411  48.361  -24.624  5.012 31.9375629425
69453  49.848  -31.525  9.736 36.7435455322
69454  48.807  -32.062  10.021 34.4133338928
69455  49.036  -31.581  9.586 38.9940185547
69456  48.249  -31.640  9.486 41.5033111572
69457  49.217  -31.105  9.200 41.7974433899
69458  49.414  -30.640  8.814 44.3344802856
69459  50.251  -30.561  8.926 42.2553024292
69460  52.906  -29.731  8.481 42.9587936401
69461  52.056  -29.679  8.463 43.6968269348
69462  53.155  -29.245  8.204 43.2239303589
69463  53.432  -28.657  7.919 43.5575981140
69464  54.224  -28.783  7.933 42.5998191833
69465  56.260  -30.021  8.217 38.1924552917
69466  55.411  -29.948  8.299 40.4986000061
69467  56.457  -29.526  7.875 38.7613487244
69468  57.874  -28.008  6.936 36.6495018005
69469  56.846  -28.454  7.290 38.8195571899
69470  57.111  -27.898  7.109 38.4529991150
69471  56.307  -27.804  7.316 39.8486671448
69472  57.334  -27.349  6.969 37.4497680664
69473  57.521  -26.795  6.874 36.4635467529
69474  58.342  -26.852  6.613 34.9756355286
69476  60.303  -25.978  6.070 28.9765911102
70362  43.039  -22.431  -2.777 32.3931427002
70363  42.374  -22.618  -3.028 28.7910499573
70364  43.133  -22.107  -3.210 30.9827232361
70366  43.813  -21.557  -3.368 29.5083522797
70367  45.331  -21.262  -1.540 37.8759803772
70368  44.818  -21.595  -1.866 38.1314582825
70369  45.568  -20.876  -2.005 35.9729881287
70370  46.463  -19.498  -2.903 28.9825000763
70371  45.771  -20.243  -2.828 31.3824272156
70372  45.842  -19.890  -3.229 28.4367351532
74808  34.020  -29.491  14.785 28.5266628265
74809  34.559  -29.701  14.640 30.2655448914
74810  35.323  -29.635  14.047 35.1828727722
74811  35.135  -29.891  14.415 32.3745880127
88570  41.030  -24.944  0.345 34.0687713623
88571  40.407  -25.062  0.148 31.7595500946
88572  41.334  -24.675  -0.040 34.7899246216
88573  41.656  -24.397  -0.425 35.4481697083
88574  42.306  -24.114  -0.160 37.1778640747
88575  43.196  -23.510  -0.215 38.8783264160
88576  42.863  -23.803  0.137 38.5363693237
88577  43.461  -23.343  1.170 39.8977966309
88578  43.749  -23.096  0.799 40.2035293579
88579  44.242  -22.611  1.169 40.0337066650
88580  45.034  -21.791  1.212 39.7458915710
88581  44.687  -22.130  1.567 39.6348876953
88613  36.290  -27.267  7.783 37.3096885681
88614  35.371  -27.256  8.178 34.0514259338
88615  35.688  -27.178  7.688 34.7369842529
88616  34.926  -26.703  7.064 30.5936660767
88617  34.615  -26.756  7.558 30.0715560913
88630  38.426  -26.396  3.822 33.1174850464
88631  37.818  -26.381  3.698 30.9979839325
88632  38.729  -26.244  3.385 33.3580589294
88633  39.027  -26.113  2.910 33.8534431458
88634  39.626  -25.998  3.137 35.3813896179
88635  40.624  -25.414  4.757 39.5076103210
88636  40.118  -25.810  4.494 38.6133728027
88637  40.921  -25.232  4.333 39.0461311340
88638  42.296  -24.175  3.388 38.6386756897
88639  41.521  -24.856  3.463 38.7808341980
88640  41.811  -24.666  3.064 38.7737693787
88641  41.333  -25.062  2.762 38.2343597412
88642  42.150  -24.445  2.650 38.8098907471
88643  42.480  -24.190  2.281 38.8089714050
88644  42.959  -23.719  2.611 38.6550788879
88645  44.934  -21.386  3.016 37.6203575134
88646  44.531  -22.078  2.676 38.3297348022
88647  45.208  -21.130  2.717 37.9146919250
88648  45.534  -20.846  2.396 37.6851921082
88649  45.873  -20.132  2.809 36.4131050110
88650  46.567  -19.114  2.895 34.5252685547
88651  46.268  -19.409  3.144 35.2288513184
88652  46.958  -18.417  4.326 30.6585826874
88653  47.217  -18.047  3.958 29.2165184021
88657  46.073  -19.812  5.921 29.1291198730
88658  46.270  -19.433  5.526 29.9130992889
88672  44.354  -22.920  8.322 34.1245689392
88673  44.668  -22.504  8.064 33.0320892334
88674  45.307  -22.461  8.117 31.4099445343
88780  35.753  -31.173  14.523 29.2530517578
88782  35.955  -30.784  14.151 33.1152915955
88783  36.207  -30.393  13.792 36.7754020691
88784  36.755  -30.641  13.343 38.4461097717
88838  40.743  -33.399  11.192 44.0491714478
88839  39.965  -33.722  11.892 39.2815895081
88840  40.116  -33.267  11.391 42.5791511536
88841  39.190  -32.415  11.399 43.1507377625
88842  38.959  -32.905  11.912 39.5403175354
88843  38.424  -32.670  12.205 38.0117340088
88844  37.687  -32.859  13.057 32.5919952393
88845  37.896  -32.391  12.549 36.4032669067
88846  37.342  -32.113  13.011 34.3904113770
88847  38.109  -31.905  12.152 40.2035789490
88848  39.414  -30.668  10.805 50.5496368408
88849  38.619  -30.932  11.544 46.3607788086
88850  38.899  -30.427  11.318 49.0494079590
88851  38.384  -30.228  11.863 47.2541580200
88852  39.195  -29.927  11.166 50.9345512390
88853  39.550  -29.429  11.043 52.2575607300
88854  40.030  -29.611  10.480 53.9624404907
88855  42.020  -29.144  8.544 59.3240623474
88856  41.612  -28.932  9.057 57.7260360718
88857  42.346  -28.580  8.405 57.8572921753
88858  42.678  -28.039  8.353 56.3403549194
88859  43.126  -28.193  7.769 58.2314834595
88860  44.332  -29.731  7.388 60.4492950439
88861  43.698  -29.629  7.503 60.5540580750
88862  44.543  -29.210  7.075 59.8106193542
88863  46.046  -27.663  6.150 55.5983390808
88864  45.112  -28.085  6.481 57.6574249268
88865  45.372  -27.523  6.326 54.6638793945
88866  44.781  -27.376  6.648 54.2143821716
88867  45.695  -27.000  6.159 50.8628883362
88868  46.002  -26.488  6.065 47.3061676025
88869  46.646  -26.627  5.800 47.4791984558
88870  49.192  -25.888  5.384 34.9769134521
88871  48.539  -25.823  5.293 37.7905693054
88872  49.486  -25.383  5.136 31.8576889038
88873  49.782  -24.843  4.837 28.5130615234
88875  49.829  -29.658  8.167 47.4460601807
88876  49.089  -29.700  8.077 49.0218162537
88877  50.010  -29.163  7.866 47.9771308899
88878  51.401  -27.639  7.309 44.7771186829
88879  50.430  -28.214  7.428 48.2598228455
88880  50.677  -27.700  7.189 45.5032234192
88881  49.995  -27.740  7.059 46.9541893005
88882  50.876  -27.199  7.011 42.8148155212
88883  55.496  -25.538  7.097 35.5519371033
88884  54.469  -26.053  7.176 37.3456153870
88885  54.674  -25.541  7.034 35.2203140259
88887  53.159  -25.594  6.784 32.5024108887
88888  52.430  -25.672  6.591 31.8436851501
88889  51.435  -26.197  6.588 37.2084732056
88890  51.769  -25.735  6.365 32.4903144836
88891  51.176  -25.758  6.103 32.6998481750
93361  35.803  -29.137  13.285 38.9346542358
93362  36.105  -28.864  12.846 40.4237823486
93363  36.685  -28.896  12.748 42.2197113037
93364  37.546  -28.583  12.268 44.6986999512
93365  38.525  -28.160  11.800 47.1646385193
93366  39.436  -27.825  11.347 47.2490959167
93367  39.081  -28.256  11.601 48.8115806580
93368  39.664  -28.325  11.257 50.6702041626
93369  40.192  -28.422  10.857 52.5900497437
93380  57.285  -31.107  9.215 28.8320560455
93561  45.786  -21.020  0.541 39.0591354370
93562  46.000  -20.826  0.086 38.1154289246
93563  46.439  -20.259  0.456 37.0496406555
93564  47.068  -19.487  0.371 34.5718994141
93565  47.716  -18.657  0.283 31.8985633850
97209  39.812  -25.462  8.007 44.6517868042
97210  39.344  -25.927  7.720 45.1410446167
97211  40.135  -25.243  7.568 44.5825347900
97212  40.450  -25.049  7.103 44.0862464905
97213  40.742  -24.894  6.607 43.2166900635
97214  41.059  -24.699  6.170 41.8968620300
97215  41.531  -24.126  6.536 40.9590072632
97216  42.299  -23.368  6.542 38.7418098450
97217  43.185  -22.541  6.581 37.0557250977
97218  44.073  -21.855  6.643 35.5258369446
97219  43.850  -22.129  6.992 35.3648223877
97220  44.470  -21.889  7.337 32.9045181274
97221  45.143  -21.689  7.543 30.9556198120
97250  46.414  -32.673  10.138 38.5926856995
97251  45.525  -33.151  10.497 37.4522438049
97252  45.707  -32.699  10.058 41.6924552917
97253  44.996  -32.721  9.989 44.6292839050
97254  44.329  -32.710  9.921 47.4306678772
97255  43.684  -32.698  9.890 48.2096481323
97256  44.529  -32.245  9.492 50.3846015930
97257  44.742  -31.790  9.079 52.1330490112
97258  44.982  -31.310  8.648 53.9134788513
97259  45.209  -30.848  8.229 55.6111717224
97260  45.862  -30.845  8.339 54.5344161987
97261  46.779  -30.331  8.080 54.0218582153
97262  47.695  -29.787  7.855 52.9820861816
97263  60.033  -24.882  6.226 29.8513298035
97264  59.200  -24.833  6.495 30.5807991028
97265  60.273  -24.456  6.206 28.5746517181
101528  33.713  -28.109  11.899 30.5683288574
101529  37.352  -27.696  11.300 42.3249893188
101530  36.760  -27.843  11.187 40.6028175354
101531  37.652  -27.392  10.928 42.6529006958
101532  37.958  -27.094  10.533 43.1519432068
101533  38.291  -26.751  10.144 43.6776428223
101534  38.591  -26.461  9.717 44.0991249084
101535  39.111  -26.170  9.940 44.9255752563
101536  39.936  -25.583  9.702 43.8043479919
101537  40.913  -25.010  9.444 42.0573120117
101538  41.875  -24.558  9.297 39.8535041809
101539  41.544  -24.938  9.636 40.0395965576
101540  42.168  -24.918  9.643 38.2737503052
101541  42.844  -24.924  9.512 36.6168403625
101542  43.004  -26.354  9.281 44.6577644348
101543  43.346  -25.880  9.174 41.9972457886
101544  43.830  -25.953  8.701 43.0909385681
101545  44.589  -25.581  8.137 41.9827461243
101546  45.347  -25.174  7.533 40.6869201660
101547  46.116  -24.754  6.865 39.0079460144
101548  45.742  -25.224  6.945 41.5605812073
101549  46.135  -25.315  6.394 42.3453826904
101550  46.625  -25.415  5.925 40.9936943054
101575  49.363  -32.488  10.582 28.5342006683
101576  50.331  -31.996  10.276 31.7855625153
101577  50.561  -31.517  9.868 35.8598098755
101578  50.850  -31.024  9.453 38.6933631897
101579  51.019  -30.584  9.063 40.9960746765
101580  51.731  -30.616  9.152 40.1823997498
101581  52.711  -30.206  8.815 41.4635620117
101582  53.833  -29.782  8.444 42.2106513977
101583  58.169  -29.231  7.476 34.9736938477
101584  57.443  -29.107  7.477 36.8558845520
101585  58.407  -28.716  7.114 35.0097999573
101586  58.644  -28.144  6.821 34.8421592712
101587  58.894  -27.560  6.566 33.7295036316
101588  59.132  -26.973  6.402 32.8163337708
101589  59.868  -27.134  6.280 30.8142852783
102120  41.437  -23.677  -1.981 29.2735385895
102121  41.550  -23.375  -2.388 28.9607696533
102122  42.156  -23.259  -2.180 32.3406448364
102123  42.907  -22.766  -2.348 33.4691696167
102124  43.672  -22.188  -2.516 34.5422782898
102125  46.780  -19.749  -1.762 33.4667434692
102126  46.289  -20.138  -2.079 33.6063156128
102127  46.960  -19.410  -2.165 31.5274085999
102128  47.055  -19.094  -2.585 29.2021980286
113046  39.754  -25.466  0.992 30.5760536194
113047  40.700  -25.185  0.750 33.7093544006
113048  41.603  -24.730  0.579 36.0697860718
113049  42.514  -24.130  0.483 38.2056961060
113050  42.121  -24.445  0.864 38.1164321899
113051  42.647  -24.063  1.202 39.3670616150
113052  43.154  -23.613  1.541 39.4612541199
113072  37.023  -27.030  6.817 38.2516670227
113073  36.054  -27.089  7.194 35.3210144043
113074  36.399  -27.006  6.712 35.8779220581
113075  35.784  -26.868  6.633 33.5675811768
113076  35.234  -26.646  6.543 30.2895088196
113078  35.585  -26.579  6.052 29.8431549072
113079  35.895  -26.532  5.564 28.9519615173
113080  36.195  -26.467  5.109 28.4135494232
113081  36.544  -26.399  4.631 28.2946815491
113082  37.133  -26.569  4.689 31.0221633911
113083  38.097  -26.503  4.328 33.2615318298
113084  39.004  -26.311  4.052 35.3003387451
113085  42.170  -23.988  4.462 39.0396575928
113086  41.672  -24.550  4.170 39.0895652771
113087  42.492  -23.773  4.092 38.6745300293
113088  42.805  -23.610  3.705 38.4107170105
113089  43.110  -23.433  3.326 38.2080345154
113090  43.445  -23.181  2.969 38.1219940186
113091  43.895  -22.587  3.363 37.6361198425
113092  44.625  -21.646  3.399 37.3731613159
113093  45.337  -20.686  3.417 36.8955650330
113094  46.014  -19.703  3.429 35.4975624084
113095  45.786  -19.946  3.869 35.0747413635
113096  46.223  -19.311  4.306 32.7771606445
113097  46.703  -18.792  4.720 31.0306377411
113107  45.653  -22.835  8.171 31.8611793518
113108  45.961  -22.417  7.991 30.3036956787
113109  46.543  -22.428  7.762 30.2493877411
113110  47.384  -21.984  7.359 28.3024177551
113174  36.245  -31.498  14.054 30.5712699890
113194  42.233  -34.926  12.520 28.7857437134
113207  41.152  -32.443  10.201 49.6552658081
113208  40.327  -32.790  10.862 45.5581130981
113209  40.572  -32.292  10.403 48.6456642151
113210  39.999  -32.122  10.662 47.6189956665
113211  39.415  -31.926  10.974 46.5702781677
113212  38.852  -31.674  11.384 45.1999015808
113213  39.631  -31.382  10.635 49.1617355347
113214  39.910  -30.847  10.305 51.7378959656
113215  40.193  -30.344  10.088 53.7479019165
113216  40.471  -29.816  9.923 55.3670654297
113217  40.934  -30.001  9.394 56.6551361084
113218  41.708  -29.661  8.739 59.3785438538
113219  42.505  -29.295  8.121 59.9460830688
113220  46.185  -28.830  6.754 56.7800598145
113221  45.525  -28.738  6.718 58.1106262207
113222  46.470  -28.298  6.448 55.5247077942
113223  46.744  -27.774  6.146 54.5120468140
113224  47.019  -27.258  5.930 50.4284439087
113225  47.317  -26.737  5.704 46.8799552917
113226  47.979  -26.815  5.760 44.9641265869
113227  48.949  -26.343  5.643 39.0978927612
113228  49.923  -25.851  5.602 33.0776672363
113229  51.784  -28.605  7.778 45.7880821228
113230  50.995  -28.642  7.723 47.1617240906
113231  51.975  -28.102  7.581 46.3802490234
113232  52.165  -27.582  7.414 44.3427047729
113233  52.372  -27.116  7.260 41.8668975830
113234  55.933  -24.548  6.782 29.3689880371
113235  54.896  -25.027  6.886 31.7430877686
118003  33.424  -28.582  13.545 29.1517105103
118004  33.726  -28.498  12.978 31.0117988586
118005  34.254  -28.678  12.982 33.4492301941
118006  35.171  -28.590  12.490 36.5873184204
118007  36.094  -28.357  12.056 39.6461257935
118008  36.386  -28.590  12.466 41.0586853027
118009  36.724  -28.297  12.086 41.7469100952
118010  37.034  -28.006  11.676 42.1005516052
118011  37.950  -27.567  11.354 43.4822425842
118012  38.811  -27.059  11.063 43.9949264526
118013  39.750  -26.571  10.733 43.3317298889
118014  40.625  -26.140  10.406 41.8667640686
118015  40.403  -26.550  10.626 43.2416038513
118016  41.022  -26.590  10.452 43.3840103149
118017  41.616  -26.677  10.167 44.6996459961
118018  40.343  -27.466  10.865 47.4137802124
118019  41.252  -27.129  10.316 47.2823562622
118020  42.134  -26.753  9.803 46.0316429138
118021  42.606  -26.836  9.362 47.4609985352
118022  43.038  -26.924  8.846 49.0551795959
118023  43.470  -26.974  8.264 50.7906837463
118043  53.414  -32.173  10.365 28.5862388611
118044  53.698  -31.709  9.898 32.4370422363
118045  53.981  -31.264  9.440 36.3224754333
118046  54.154  -30.815  9.078 37.9950599670
118047  55.019  -30.899  9.044 36.4004669189
118048  56.047  -30.514  8.633 36.2584037781
118049  57.028  -30.152  8.267 35.9170379639
118050  57.504  -30.683  8.757 30.7386112213
118051  57.791  -30.253  8.330 32.8048744202
118052  57.952  -29.727  7.884 34.5099754333
118053  58.910  -29.356  7.521 31.5005207062
118054  59.880  -28.993  7.160 28.6086311340
118467  43.801  -22.843  -0.931 39.8596992493
118468  43.934  -22.594  -1.335 39.2057647705
118469  44.481  -22.238  -1.011 39.3171997070
118470  45.163  -21.563  -1.103 38.5689353943
118471  45.878  -20.830  -1.203 37.5815124512
118472  46.237  -20.547  -0.390 37.3010749817
118473  46.431  -20.315  -0.840 36.5024070740
118474  46.617  -20.043  -1.300 35.0077285767
118475  47.311  -19.244  -1.406 32.3165893555
118476  48.003  -18.433  -1.505 29.7389678955
126968  39.114  -25.820  1.841 30.4495906830
126969  39.708  -25.776  2.011 33.7886695862
126981  36.300  -27.500  8.909 37.7261009216
126982  35.688  -27.481  8.779 35.6534576416
126983  36.629  -27.362  8.411 38.6917991638
126984  36.940  -27.226  7.924 39.6265373230
126985  37.294  -27.074  7.480 40.5215454102
126986  38.823  -26.366  7.449 43.6828842163
126987  38.261  -26.718  7.208 42.1777534485
126988  37.650  -26.946  7.013 40.4535751343
126989  38.003  -26.800  6.532 39.8453483582
126990  38.321  -26.681  6.061 39.3132629395
126991  38.656  -26.546  5.601 38.7821197510
126992  38.997  -26.419  5.172 38.1395683289
126993  39.595  -26.121  5.366 39.6395530701
126994  40.372  -25.567  5.171 40.1589927673
126995  41.175  -24.896  4.989 40.0920066833
126996  41.381  -24.468  5.706 40.8585319519
126997  41.666  -24.295  5.280 40.1538887024
126998  41.933  -24.143  4.871 39.5491561890
126999  42.704  -23.363  4.846 38.8047065735
127000  43.435  -22.494  4.985 37.9960632324
127001  44.206  -21.613  5.064 36.3282966614
127002  44.990  -20.719  5.130 34.7600669861
127003  44.746  -20.988  5.537 34.8758316040
127004  45.299  -20.471  5.953 33.0538673401
127005  45.858  -20.174  6.281 28.9817390442
127006  44.917  -21.168  6.678 32.4709129333
127007  45.696  -20.543  6.640 29.3405551910
127012  47.589  -22.897  6.436 31.2271385193
127013  47.930  -22.447  6.374 29.3475856781
127014  48.289  -22.465  5.734 28.5498828888
127081  44.692  -33.614  10.907 35.5967483521
127082  43.878  -34.062  11.360 33.4572181702
127083  43.001  -34.549  11.935 31.4106445312
127084  42.318  -34.529  11.955 33.4189529419
127085  41.690  -34.467  12.015 34.1886749268
127086  41.062  -34.371  12.076 35.0053329468
127087  40.456  -34.255  12.233 35.7480583191
127088  41.197  -33.934  11.570 39.7738227844
127089  41.358  -33.499  11.061 44.1409568787
127090  41.533  -33.048  10.564 47.4565353394
127091  42.962  -32.705  9.947 49.0521507263
127092  42.316  -32.659  9.977 49.9308280945
127093  41.738  -32.569  10.070 50.5500907898
127094  41.920  -32.099  9.620 52.6047325134
127095  42.152  -31.591  9.168 54.5840339661
127096  42.401  -31.060  8.695 56.5412635803
127097  42.592  -30.551  8.367 57.8792381287
127098  43.225  -30.662  8.200 58.2018432617
127099  44.086  -30.244  7.746 59.0958862305
127100  44.974  -29.799  7.359 58.9543342590
127101  45.445  -30.357  7.834 56.5411796570
127102  45.661  -29.872  7.438 57.5194473267
127103  45.919  -29.326  7.081 58.1944618225
127104  46.832  -28.858  6.862 55.7525177002
127105  47.735  -28.341  6.724 52.9932022095
127106  48.631  -27.818  6.613 49.8982582092
127107  55.876  -26.631  7.287 38.7099494934
127108  55.063  -26.577  7.329 39.0163040161
127109  56.119  -26.114  7.185 37.1962051392
127110  56.302  -25.599  7.095 35.6348342896
127111  56.523  -25.101  6.959 33.3145751953
127112  58.393  -24.732  6.669 31.3863391876
127113  57.586  -24.684  6.780 31.3243579865
127114  56.770  -24.615  6.793 30.5304317474
136257  33.281  -27.425  10.754 28.0017204285
136258  34.060  -27.636  10.223 30.7852878571
136259  34.987  -27.704  9.765 33.6944732666
136260  33.979  -28.386  12.452 32.0219612122
136261  34.219  -28.273  11.925 32.9533348083
136262  34.575  -28.164  11.409 33.9451675415
136263  36.140  -27.985  11.077 38.7464599609
136264  35.517  -28.071  10.984 36.8026161194
136265  34.922  -28.042  10.871 34.5345687866
136266  35.275  -27.919  10.367 35.1702766418
136267  35.597  -27.771  9.880 35.9358482361
136268  35.922  -27.634  9.393 36.8028755188
136269  36.898  -27.393  9.065 39.8408470154
136270  37.804  -26.930  8.813 42.7903709412
136271  38.685  -26.366  8.609 44.8132247925
136272  38.885  -26.185  9.293 44.5405197144
136273  39.159  -25.949  8.890 45.1491546631
136274  39.494  -25.716  8.453 44.9917602539
136275  40.340  -25.011  8.264 44.0641174316
136276  41.194  -24.346  8.122 42.7846755981
136277  42.082  -23.726  8.069 40.5447654724
136278  42.972  -23.184  8.011 37.5340232849
136279  42.716  -23.514  8.344 38.5265197754
136280  43.390  -23.369  8.522 36.7896041870
136281  43.990  -23.327  8.603 35.0261421204
136282  42.766  -24.137  9.101 37.5779838562
136283  43.662  -23.709  8.826 35.3981018066
136284  44.698  -23.274  8.516 33.1805496216
136285  45.343  -23.256  8.353 32.8958663940
136286  45.923  -23.272  8.090 33.0282478333
136287  46.453  -23.304  7.687 33.1801681519
136288  41.579  -25.727  10.064 39.8279457092
136289  42.557  -25.330  9.693 38.2313270569
136290  43.516  -24.937  9.272 37.4153862000
136291  43.727  -25.411  9.066 40.0406227112
136292  44.105  -24.949  8.953 38.2545356750
136293  44.397  -24.530  8.811 36.5294418335
136294  45.262  -24.138  8.372 35.6223068237
136295  46.066  -23.758  7.809 34.6524009705
136296  46.882  -23.332  7.113 33.3163261414
136297  47.229  -23.372  6.549 32.9174079895
136298  47.580  -23.411  5.990 32.5661048889
136299  47.972  -23.446  5.462 32.3173179626
136300  46.870  -24.334  6.177 36.8814659119
136301  47.654  -23.923  5.591 34.0453834534
136302  48.449  -23.503  4.988 29.6694755554
136357  46.897  -33.139  10.706 31.1122589111
136358  48.576  -32.537  10.468 29.6326866150
136359  47.814  -32.597  10.357 32.7425880432
136360  47.093  -32.672  10.252 35.6748542786
136361  47.310  -32.166  9.812 40.0562896729
136362  47.468  -31.680  9.417 43.8138694763
136363  47.626  -31.218  9.020 46.1970787048
136364  47.908  -30.736  8.629 48.4507637024
136365  48.623  -30.688  8.711 46.2872352600
136366  49.612  -30.153  8.483 46.6319046021
136367  50.580  -29.627  8.268 45.9761161804
136368  51.151  -30.112  8.687 43.2579383850
136369  51.327  -29.628  8.334 44.4522056580
136370  51.547  -29.134  8.020 45.1409072876
136371  52.561  -28.638  7.852 44.5331535339
136372  53.638  -28.117  7.687 43.9658241272
136373  54.661  -27.630  7.540 42.2302932739
136374  54.328  -30.344  8.727 39.7232780457
136375  54.618  -29.869  8.395 41.4889488220
136376  54.848  -29.354  8.104 41.3810310364
136377  56.643  -29.019  7.577 38.7944488525
136378  55.844  -28.935  7.710 40.2686691284
136379  55.065  -28.852  7.829 41.4289436340
136380  55.289  -28.303  7.611 41.6096992493
136381  55.498  -27.718  7.463 41.2452011108
136382  55.684  -27.168  7.360 40.1113777161
136383  56.678  -26.734  7.150 37.7906227112
136384  57.683  -26.245  6.837 35.4517211914
136385  58.695  -25.793  6.535 33.1603889465
136386  59.290  -26.361  6.294 32.0248298645
136387  59.512  -25.835  6.270 31.2670803070
136388  59.729  -25.371  6.258 30.5702133179
137516  44.085  -22.272  -1.755 38.0281066895
137517  44.294  -21.906  -2.212 36.7218132019
137518  44.369  -21.594  -2.628 34.5435447693
137519  45.698  -20.552  -2.414 33.7557601929
137520  45.058  -20.952  -2.730 33.0053329468
137521  44.411  -21.307  -3.047 31.1346549988
142949  33.813  -28.946  13.990 30.0478019714
142950  34.399  -29.129  13.886 32.7445945740
142952  34.208  -29.328  14.331 31.4490242004
142953  34.953  -29.283  13.806 35.2141990662
142954  35.522  -29.404  13.682 37.0276451111
142955  36.135  -29.484  13.470 39.0234909058
142956  36.738  -29.578  13.150 41.2102470398
144114  47.205  -18.474  2.210 32.7735328674
144115  47.475  -18.334  1.712 31.6595287323
144116  47.783  -17.601  2.142 29.6960754395
159529  41.137  -23.988  -1.632 28.4767608643
159530  41.742  -23.897  -1.429 31.8611030579
159531  42.365  -23.713  -1.160 35.1619834900
159538  41.067  -24.536  -0.633 31.4672203064
159539  42.040  -24.040  -0.796 35.1425132751
159540  42.944  -23.485  -0.889 38.4350128174
159541  43.485  -23.183  -0.585 39.4080085754
159542  44.001  -22.823  -0.237 40.1853485107
159543  44.512  -22.401  0.124 40.8082923889
159544  43.351  -23.455  0.454 39.9154167175
159545  44.123  -22.748  0.456 40.4591102600
159546  44.903  -21.990  0.471 40.3247718811
159547  45.384  -21.432  0.865 39.7771339417
159548  45.805  -20.868  1.279 38.7429122925
159549  46.186  -20.247  1.703 37.4840278625
159586  35.033  -27.369  8.705 33.2539863586
159587  34.538  -27.141  8.585 30.7378292084
159588  34.042  -26.862  8.567 28.3730735779
159589  35.139  -27.000  7.601 32.3262672424
159590  34.303  -26.819  8.037 29.2248725891
159607  36.872  -26.334  4.146 28.3990745544
159608  37.188  -26.238  3.644 28.2168827057
159610  38.437  -26.137  2.755 30.8790359497
159611  39.371  -25.952  2.453 34.1911964417
159612  40.287  -25.629  2.225 36.6041107178
159613  39.285  -26.274  4.717 37.7500152588
159614  39.582  -26.110  4.269 37.5462989807
159615  39.897  -25.964  3.801 37.0401420593
159616  41.223  -25.035  3.880 38.8038673401
159617  40.722  -25.449  3.600 38.3833007812
159618  40.186  -25.774  3.350 36.9147872925
159619  40.490  -25.600  2.915 37.1465492249
159620  40.825  -25.384  2.500 37.4280815125
159621  41.156  -25.153  2.075 37.6740989685
159622  42.009  -24.579  1.973 38.5092239380
159623  42.847  -23.898  1.912 39.0817489624
159624  43.604  -23.175  1.915 39.5378265381
159625  43.773  -22.943  2.611 38.5413246155
159626  44.072  -22.673  2.289 39.0047073364
159627  44.377  -22.414  1.935 39.5022125244
159628  45.119  -21.549  1.986 38.7022285461
159629  45.833  -20.566  2.067 37.5670394897
159630  46.561  -19.506  2.150 35.8374099731
159631  46.849  -18.800  2.575 33.9934692383
159632  47.271  -18.039  2.943 31.2497081757
159634  46.717  -18.687  3.546 31.8434104919
159635  47.448  -17.640  3.629 27.9614944458
159640  45.747  -19.883  5.111 33.3124389648
159641  46.488  -19.138  5.136 30.7883090973
159658  43.965  -22.647  7.894 34.7048759460
159659  44.926  -22.073  7.796 31.9593620300
159660  45.839  -21.560  7.641 29.2540359497
159661  46.235  -21.996  7.826 28.8304138184
159789  34.922  -30.221  14.824 29.1925544739
159790  35.661  -30.146  14.173 34.7115440369
159791  36.468  -29.985  13.478 39.2435798645
159792  37.286  -29.755  12.813 43.2312889099
159856  39.845  -34.107  12.402 35.0684700012
159857  39.229  -34.000  12.674 33.3490333557
159858  38.651  -33.809  12.937 31.5557708740
159859  39.515  -33.103  11.640 41.0880851746
159860  38.750  -33.365  12.440 36.0369682312
159861  38.098  -33.543  13.200 29.7165527344
159862  37.538  -33.295  13.542 28.0674934387
159865  36.595  -32.251  13.912 28.2533550262
159866  36.787  -31.801  13.522 32.0197334290
159867  37.032  -31.322  13.155 36.0536041260
159868  38.332  -31.428  11.826 43.5909042358
159869  37.825  -31.144  12.328 41.6269416809
159870  37.311  -30.887  12.834 39.9067306519
159871  37.589  -30.455  12.582 42.7458801270
159872  37.846  -29.989  12.375 45.2773284912
159873  38.198  -29.499  12.130 47.1265640259
159874  39.017  -29.242  11.548 50.0492515564
159875  39.871  -28.927  10.957 53.2318000793
159876  40.666  -28.622  10.353 54.6172370911
159877  40.817  -29.294  9.786 56.8757209778
159878  41.148  -28.807  9.706 56.1588096619
159879  41.473  -28.284  9.636 54.4322624207
159880  42.293  -27.881  8.962 54.4480438232
159881  43.072  -27.486  8.311 54.2514648438
159882  43.843  -27.103  7.655 52.7190971375
159883  42.837  -30.032  8.009 59.3357200623
159884  43.069  -29.472  7.757 60.2139549255
159885  43.307  -28.916  7.512 59.2405433655
159886  44.837  -28.649  6.780 58.7012596130
159887  44.180  -28.517  6.980 58.4729347229
159888  43.615  -28.345  7.312 58.3356285095
159889  43.950  -27.784  7.183 57.3953514099
159890  44.269  -27.241  7.102 54.0733757019
159891  44.610  -26.725  7.056 50.9978065491
159892  45.429  -26.346  6.488 47.6107139587
159893  46.319  -25.979  5.953 44.0432701111
159894  47.219  -25.575  5.547 40.0891075134
159895  47.612  -26.218  5.517 43.9042701721
159896  47.868  -25.722  5.347 39.8804626465
159897  48.151  -25.172  5.157 35.7808723450
159898  49.075  -24.741  4.823 30.9738521576
159901  48.145  -30.242  8.302 50.2960357666
159902  48.376  -29.737  7.976 51.0572891235
159903  48.607  -29.251  7.706 51.8335800171
159904  50.242  -28.696  7.656 48.4494171143
159905  49.515  -28.731  7.557 50.5178260803
159906  48.815  -28.759  7.422 52.5715446472
159907  49.044  -28.266  7.137 50.7754783630
159908  49.313  -27.778  6.865 48.3522033691
159909  49.584  -27.269  6.598 46.1113662720
159910  54.248  -26.537  7.275 39.2780685425
159911  53.421  -26.570  7.202 39.4266929626
159912  52.611  -26.624  7.110 39.2240562439
159913  53.906  -25.555  6.933 34.2499923706
159914  52.873  -26.100  6.966 36.3039093018
159915  51.842  -26.658  6.977 38.4861602783
159916  51.146  -26.686  6.800 40.2721595764
159917  50.509  -26.728  6.586 42.0963325500
159918  49.896  -26.760  6.341 43.2193336487
159919  50.241  -26.272  6.096 37.8806381226
159920  50.523  -25.844  5.845 32.3257102966
163195  47.764  -18.189  1.204 30.7578639984
163196  48.055  -18.014  0.712 29.9585285187
163197  48.306  -17.812  0.249 29.1288471222
163200  48.608  -17.540  -0.226 28.0015373230
