#!ascii label  , from subject fsaverage vox2ras=TkReg
1085
354  55.794  -14.831  1.657 57.7280769348
590  42.383  -23.404  7.683 20.6362972260
591  51.135  -23.287  4.070 62.4921760559
834  61.755  -15.500  3.100 44.3765754700
835  62.863  -10.867  0.772 28.1078109741
1310  47.213  -22.882  7.022 50.9639930725
1311  44.202  -26.603  7.664 37.6101150513
1788  50.639  -15.024  4.154 49.7458190918
1789  51.447  -11.807  0.824 29.4127845764
1790  57.288  -10.277  0.848 25.6138496399
2406  44.447  -21.419  4.611 22.3991680145
2407  49.384  -19.110  6.294 55.9354133606
2408  53.607  -19.213  2.698 74.6540603638
2409  58.669  -19.708  3.800 50.3360214233
2415  41.709  -30.943  8.985 23.3764667511
2416  48.962  -27.305  6.350 31.2086620331
2417  56.647  -23.224  5.991 30.5031471252
2418  64.470  -20.373  4.649 21.6854038239
2754  63.899  -15.934  3.519 31.3218708038
2755  64.263  -14.024  1.996 29.3436203003
2756  65.072  -15.260  1.454 20.3776798248
3230  42.488  -26.288  9.685 26.3789596558
3231  40.985  -28.141  10.230 23.8636837006
3939  53.196  -14.762  3.390 57.2462692261
3940  53.706  -12.569  2.632 43.5134239197
3941  56.456  -12.584  1.151 45.4879188538
5369  43.428  -22.315  6.212 23.1351547241
5370  46.676  -19.559  6.231 42.0843276978
5371  46.053  -21.149  7.417 37.6015930176
5372  48.794  -23.012  4.784 62.6791419983
5373  50.026  -21.026  4.362 70.8066406250
5374  52.292  -21.347  3.087 72.0898361206
5375  56.140  -19.571  2.964 66.7538223267
5376  54.798  -21.454  3.601 64.2959671021
5392  44.314  -31.289  8.580 21.4259529114
5393  45.253  -29.269  7.029 28.2937583923
5397  59.815  -23.431  6.161 21.6379337311
5398  60.784  -21.630  5.470 29.3223228455
5399  63.838  -22.318  5.362 20.5906257629
6108  59.202  -15.135  1.986 55.3046150208
6109  60.119  -12.702  1.079 43.6066589355
6110  62.597  -13.169  1.902 38.0969619751
6111  64.118  -12.113  0.437 23.9423313141
6966  45.002  -22.876  8.306 35.1182518005
6967  43.827  -24.505  9.115 31.4943161011
6968  45.732  -24.698  7.480 43.9938392639
6969  47.481  -25.007  5.412 52.0624084473
8010  48.367  -16.410  3.293 40.1219863892
8011  49.168  -15.581  1.389 29.9348583221
8012  50.900  -13.267  2.603 40.5280609131
8013  54.206  -10.653  1.352 26.4946498871
8015  60.513  -10.127  0.608 26.9698352814
9775  47.502  -17.996  4.668 43.2267303467
9776  50.110  -17.069  5.336 55.7421379089
9777  52.371  -16.862  4.162 65.6338195801
9778  48.486  -21.065  6.801 54.6548347473
9779  51.392  -18.971  4.458 71.0858459473
9780  54.748  -16.959  2.473 68.7893676758
9781  57.594  -17.537  2.606 63.2575683594
9782  60.045  -17.834  3.412 47.9448966980
9783  62.515  -17.961  4.141 33.4357528687
9802  42.784  -28.757  7.892 30.8940563202
9803  46.340  -27.139  5.946 39.9756546021
9804  50.164  -25.389  5.318 46.9479675293
9806  52.718  -25.205  6.345 28.1197643280
9807  53.841  -23.298  4.963 50.2618331909
9808  57.727  -21.582  4.788 45.8064002991
9809  61.649  -19.858  4.702 34.2737770081
9810  64.917  -18.648  4.046 20.6895351410
10171  50.306  -14.705  -0.536 20.8040790558
10434  64.656  -16.424  3.417 24.1823959351
10435  64.788  -15.470  2.640 24.8797492981
11619  54.285  -14.767  2.481 57.8439483643
11620  54.595  -13.678  2.245 52.8869819641
11621  56.098  -13.671  1.336 52.7953605652
13049  42.914  -22.864  6.953 21.9019260406
13050  44.734  -21.515  7.018 30.8185958862
13051  44.197  -22.268  7.637 29.0498771667
13052  49.950  -23.196  4.141 64.1897811890
13053  50.479  -22.119  3.729 68.5705871582
13054  51.663  -22.347  3.532 68.4976577759
13055  53.630  -21.396  3.206 68.1803665161
13056  52.951  -22.372  3.738 64.6675186157
13073  46.109  -30.367  7.950 21.5034942627
13077  61.472  -23.702  5.912 20.3191299438
13078  61.852  -22.816  5.775 22.0572242737
14019  60.437  -15.356  2.577 50.3928070068
14020  61.063  -14.083  2.073 46.1704216003
14021  62.231  -14.363  2.543 41.9490890503
14022  64.603  -13.756  0.957 23.6315879822
14023  64.212  -13.049  1.244 27.8686809540
14024  64.400  -12.851  0.123 21.8850269318
15450  42.516  -24.524  9.362 25.6304016113
15451  41.867  -25.309  9.882 23.3157329559
15452  43.432  -26.451  8.772 32.8274154663
15453  44.221  -25.489  8.630 34.6123962402
15454  44.975  -25.640  7.588 40.4641304016
15455  46.538  -24.815  6.300 49.9492721558
15456  45.716  -25.838  6.470 45.1985816956
17574  49.469  -15.492  3.826 46.5869026184
17575  49.561  -14.792  3.035 42.9986763000
17576  50.731  -14.040  3.421 45.1968421936
17577  55.318  -11.516  1.612 36.0073432922
17578  53.954  -11.616  2.054 35.4372406006
17579  55.668  -10.482  1.226 25.1965656281
17582  61.752  -11.650  1.092 35.9216575623
17583  60.319  -11.447  0.777 37.1815681458
17584  61.874  -10.407  0.731 27.1679859161
21869  45.051  -20.928  3.819 20.6081752777
21870  46.463  -19.004  3.865 33.3554954529
21871  45.947  -19.614  4.703 33.8244247437
21872  48.028  -19.239  6.526 48.7805671692
21873  48.440  -18.293  5.909 50.4391670227
21874  49.771  -18.087  5.827 56.9115066528
21875  51.321  -16.971  4.986 60.6296005249
21876  50.932  -18.007  5.368 63.4657516479
21877  46.237  -22.857  7.933 42.2789192200
21878  46.863  -21.982  7.651 43.3825721741
21879  47.889  -22.009  6.863 53.4178733826
21880  51.696  -20.153  3.274 74.0013198853
21881  50.721  -20.031  4.405 71.3408126831
21882  52.313  -19.043  3.364 74.7724456787
21883  52.926  -17.921  3.357 71.9852600098
21884  54.197  -18.062  2.671 72.3891754150
21885  56.150  -17.178  2.428 68.1459884644
21886  55.541  -18.349  2.615 70.7786102295
21887  57.438  -19.670  3.336 59.4907836914
21888  58.072  -18.781  3.101 58.5550537109
21889  59.321  -18.814  3.523 49.6420097351
21890  61.318  -17.879  3.822 40.7156867981
21891  60.582  -18.773  3.925 42.4207534790
21933  41.349  -31.962  9.761 20.5186614990
21937  40.701  -30.554  9.615 22.8827819824
21938  41.249  -29.469  9.227 25.6490707397
21939  42.225  -29.849  8.350 26.9689521790
21940  47.108  -28.353  6.555 29.7943973541
21941  45.821  -28.190  6.412 33.4855422974
21942  47.697  -27.300  5.997 35.9737472534
21943  48.254  -26.317  5.503 43.8965530396
21944  49.627  -26.321  5.864 38.7563476562
21948  56.146  -24.091  6.565 22.4371566772
21950  54.617  -24.158  6.231 28.9227790833
21951  53.303  -24.236  5.709 38.7342185974
21952  55.167  -23.290  5.567 39.4019508362
21953  55.755  -22.447  4.845 50.0052146912
21954  57.226  -22.419  5.385 39.7493934631
21955  62.783  -20.877  5.131 26.3999881744
21956  61.311  -20.716  5.078 32.8401184082
21957  63.126  -19.981  4.861 27.4259319305
21958  63.412  -19.104  4.527 28.0104351044
21959  64.769  -19.502  4.316 22.2829246521
22862  50.286  -13.629  1.128 32.5798339844
22863  49.698  -15.207  0.421 25.3484153748
22864  50.759  -13.107  0.193 26.8536758423
23388  62.949  -15.677  3.449 37.2336578369
23389  63.311  -14.619  2.825 36.0543594360
23390  64.157  -14.990  2.827 30.4631328583
23391  64.770  -14.595  1.779 25.9704475403
24246  41.277  -26.160  10.269 20.7710323334
24248  41.759  -27.219  9.939 25.2175292969
24249  42.653  -27.363  8.939 31.0240764618
25521  51.999  -14.834  4.052 53.5894966125
25522  52.147  -13.758  3.504 48.2619705200
25523  53.411  -13.680  3.114 51.4126930237
25524  54.956  -12.572  1.975 45.0153808594
25525  56.781  -11.484  1.023 37.1591415405
25526  63.472  -10.407  0.077 20.4016132355
28097  43.959  -21.799  5.466 23.4008827209
28098  45.517  -20.181  5.549 33.4090423584
28099  45.089  -20.847  6.308 31.9722270966
28100  46.343  -20.321  6.904 39.8275909424
28101  47.718  -20.117  7.050 46.3978195190
28102  47.927  -22.938  5.827 57.7924880981
28103  48.627  -22.014  5.692 61.3848190308
28104  49.382  -22.035  4.524 67.3817138672
28105  51.046  -21.136  3.451 72.2500000000
28106  52.965  -20.300  2.792 74.0206527710
28107  54.886  -19.429  2.666 71.3439331055
28108  54.226  -20.436  2.833 70.7767333984
28109  55.494  -20.519  3.189 66.6534881592
28110  56.753  -20.587  3.669 58.1675567627
28137  42.527  -32.188  9.525 20.8752193451
28138  43.013  -31.171  8.590 23.6647052765
28139  43.455  -30.155  7.832 26.5592136383
28140  44.771  -30.310  7.756 24.5219192505
28141  46.562  -29.356  7.216 24.4825286865
28142  48.373  -28.300  6.933 24.9259986877
28147  58.191  -23.227  6.238 24.8337135315
28148  58.751  -22.406  5.714 30.7323303223
28149  60.302  -22.497  5.749 24.8284282684
28150  62.371  -21.835  5.458 24.3484249115
28151  64.148  -21.311  5.047 21.2387733459
28694  53.077  -10.214  0.335 21.0054416656
28695  51.861  -11.114  -0.119 23.7075157166
29610  57.605  -14.969  1.626 58.0978050232
29611  57.977  -13.792  1.174 51.8955421448
29612  59.685  -13.967  1.510 49.7505836487
29613  61.472  -12.906  1.546 41.8386497498
29614  62.813  -11.971  1.305 32.6967582703
29615  63.556  -13.521  2.086 33.7662277222
29616  63.640  -12.460  1.339 30.9889183044
29617  63.593  -11.440  0.647 25.3612079620
31613  41.772  -24.027  8.462 20.3161544800
31614  43.700  -22.995  8.220 28.4273338318
31615  43.006  -23.762  8.810 27.2526435852
31616  44.415  -23.670  8.737 33.5593948364
31617  45.585  -23.708  8.243 40.0094718933
31618  43.174  -25.359  9.419 28.6226749420
31619  44.912  -24.581  8.423 37.3757171631
31620  46.482  -23.810  7.270 47.4791526794
31621  47.215  -23.871  6.102 53.8691101074
31622  48.134  -24.013  5.155 57.5695724487
31623  49.283  -24.192  4.615 58.8724021912
34356  47.538  -17.740  2.603 28.7959041595
34357  48.072  -17.413  1.612 23.0966548920
34358  48.630  -16.020  2.365 35.1860809326
34359  49.813  -14.168  2.089 38.5478744507
34360  51.090  -12.559  1.739 35.0246963501
34361  52.241  -12.774  2.818 42.0109710693
34362  52.395  -11.948  2.126 35.3998985291
34363  52.684  -11.055  1.248 28.2446537018
34367  58.326  -12.585  0.816 44.9571647644
34368  58.655  -11.384  0.642 37.5221443176
34369  58.980  -10.092  0.622 26.0233726501
39559  46.966  -18.378  3.265 31.6188182831
39560  47.961  -17.159  3.974 42.6215248108
39561  49.123  -16.459  4.539 47.7931823730
39562  47.094  -18.776  5.480 42.8730926514
39563  48.748  -17.400  5.226 49.1771354675
39564  50.383  -16.050  4.788 53.1822090149
39565  51.662  -15.950  4.533 57.9082489014
39566  52.774  -15.812  3.814 62.3642158508
39567  53.789  -15.832  2.880 62.6245231628
39568  45.588  -22.014  7.870 35.8965492249
39569  47.326  -21.067  7.402 44.3953819275
39570  48.990  -20.050  6.639 55.2082328796
39571  49.298  -21.045  5.646 65.1471633911
39572  49.919  -20.039  5.685 66.3611526489
39573  50.451  -19.009  5.622 65.5228729248
39574  52.004  -17.889  4.394 68.7728576660
39575  53.417  -16.875  3.170 67.6499710083
39576  55.260  -15.917  2.108 63.2236061096
39577  56.895  -16.067  2.042 63.4719696045
39578  58.336  -16.378  2.358 59.7845268250
39579  59.649  -16.589  2.848 54.1498031616
39580  56.890  -18.594  2.805 65.8415298462
39581  58.869  -17.714  2.969 56.5801315308
39582  60.874  -16.709  3.346 46.4579315186
39583  62.146  -16.831  3.745 38.9796600342
39584  63.179  -17.021  3.974 32.1450614929
39585  64.150  -17.278  3.904 24.6769714355
39640  40.375  -29.112  10.375 22.1278476715
39641  41.919  -28.424  9.013 28.3365459442
39642  43.467  -27.646  7.727 34.2729682922
39643  43.890  -29.113  7.222 30.3143348694
39644  44.463  -27.927  6.749 34.5006217957
39645  45.102  -26.849  6.532 40.1996803284
39646  46.884  -26.142  5.655 46.2892494202
39647  48.815  -25.307  5.063 51.7014846802
39648  50.684  -24.349  4.687 55.6525268555
39651  50.237  -27.231  6.829 22.4751720428
39654  50.817  -26.222  6.333 29.4989852905
39655  51.450  -25.314  5.821 39.1594848633
39656  51.982  -24.334  5.150 49.8072433472
39657  52.485  -23.353  4.422 59.0834274292
39658  54.343  -22.388  4.241 58.3197937012
39659  56.290  -21.511  4.179 55.1931991577
39660  58.169  -20.647  4.246 49.5553703308
39661  59.300  -21.554  5.232 36.3242416382
39662  59.814  -20.654  4.726 40.7005462646
39663  60.163  -19.735  4.281 42.2754287720
39664  62.056  -18.885  4.343 34.8303947449
39665  63.806  -18.172  4.253 25.8116741180
40750  51.268  -12.532  -0.731 21.2884387970
41154  64.951  -16.710  3.250 20.9459152222
41155  64.968  -16.250  2.916 20.9591102600
42339  54.967  -14.779  1.977 57.8538780212
42340  55.097  -14.228  1.902 55.4906730652
42341  55.932  -14.259  1.505 55.1658248901
43769  42.651  -23.120  7.312 21.1525726318
43770  43.556  -22.497  7.314 25.1615810394
43771  43.279  -22.854  7.637 24.9679813385
43772  50.552  -23.211  4.039 64.1879653931
43773  50.786  -22.749  3.806 67.1841354370
43774  51.400  -22.825  3.806 65.5705337524
43775  52.319  -22.362  3.598 66.6973266602
43776  52.038  -22.855  3.873 63.6684494019
43798  62.483  -23.429  5.702 20.2569751740
44739  61.059  -15.442  2.847 47.4287834167
44740  61.350  -14.859  2.614 46.0888824463
44741  61.998  -14.949  2.828 43.3551864624
44742  64.600  -13.703  0.319 20.5301818848
44743  64.506  -13.322  0.536 22.9388656616
46170  41.193  -25.340  9.922 20.3221130371
46172  43.835  -26.523  8.219 35.2471046448
46173  44.241  -26.043  8.182 36.1094932556
46174  44.562  -26.138  7.643 38.8817710876
46175  45.345  -25.722  7.019 43.2384300232
46176  44.939  -26.225  7.064 41.4838485718
48294  50.048  -15.204  4.021 48.0176315308
48295  50.083  -14.753  3.648 46.0732765198
48296  50.698  -14.525  3.794 47.7513275146
48297  56.255  -10.976  1.142 31.1574554443
48298  55.506  -10.974  1.431 30.7463607788
48299  56.436  -10.396  1.030 25.4599323273
48302  62.373  -11.211  0.982 32.7515029907
48303  61.821  -11.050  0.883 32.4635238647
48304  62.452  -10.620  0.767 27.9146957397
52589  44.756  -21.183  4.212 21.3752384186
52590  45.505  -20.220  4.273 27.7468986511
52591  45.230  -20.507  4.668 28.2550621033
52592  48.723  -19.179  6.459 52.1448402405
52593  48.905  -18.679  6.194 53.1966438293
52594  49.584  -18.609  6.081 56.2027015686
52595  50.375  -18.037  5.648 59.8431739807
52596  50.181  -18.546  5.848 59.9558105469
52597  46.761  -22.874  7.540 46.4183616638
52598  47.079  -22.444  7.417 47.3773155212
52599  47.561  -22.455  6.954 52.3229904175
52600  52.637  -19.675  2.941 74.4128112793
52601  52.020  -19.599  3.328 74.5745391846
52602  52.937  -19.109  2.905 74.9033508301
52603  53.223  -18.537  2.939 73.5782318115
52604  53.894  -18.658  2.694 73.9171981812
52605  54.887  -18.210  2.589 72.7864685059
52606  54.567  -18.788  2.625 74.3698883057
52607  58.066  -19.700  3.557 55.0408935547
52608  58.427  -19.246  3.396 54.7731475830
52609  59.013  -19.255  3.642 50.1842765808
52610  59.916  -18.802  3.733 46.0622138977
52611  59.623  -19.235  3.869 46.6794700623
52653  41.547  -31.443  9.340 21.8594398499
52655  40.939  -31.272  9.599 21.5339946747
52656  40.378  -31.082  9.944 21.2361106873
52657  41.190  -30.763  9.262 23.2904872894
52658  41.438  -30.214  8.968 25.2282161713
52659  41.990  -30.403  8.629 25.1845569611
52660  48.005  -27.847  6.395 30.5164127350
52661  47.418  -27.799  6.251 32.4958076477
52662  48.350  -27.313  6.138 33.4830169678
52663  48.657  -26.826  5.880 37.4242134094
52664  49.311  -26.812  6.094 34.8050193787
52668  56.403  -23.639  6.276 26.4679470062
52669  55.409  -24.078  6.395 25.4259910583
52670  55.634  -23.677  6.105 29.9720993042
52671  54.901  -23.725  5.903 33.9503898621
52672  55.889  -23.284  5.803 34.6430969238
52673  56.168  -22.859  5.470 39.8101234436
52674  56.938  -22.834  5.677 34.8836898804
52675  63.671  -20.608  4.932 24.2972946167
52676  62.970  -20.447  4.995 27.1365699768
52677  63.853  -20.151  4.786 24.4282302856
52678  63.990  -19.708  4.632 24.7138004303
52679  64.622  -19.940  4.484 21.8711910248
53582  50.832  -12.740  0.960 32.6689529419
53583  50.471  -13.419  0.652 29.6011066437
53584  51.036  -12.445  0.513 29.3790378571
54339  63.425  -15.837  3.529 34.1181945801
54340  63.629  -15.286  3.204 33.4576263428
54341  64.050  -15.482  3.212 30.7313575745
54342  64.987  -15.360  2.095 22.5555820465
54343  64.789  -15.022  2.234 25.3907489777
54344  64.954  -14.948  1.674 23.2927608490
54345  64.850  -14.529  1.195 22.9593486786
54346  64.947  -14.897  1.040 20.9372119904
55773  40.865  -27.590  10.501 20.9054203033
55774  41.351  -27.700  10.076 24.5041484833
55775  42.218  -27.300  9.480 28.8080501556
55776  41.814  -27.783  9.590 28.0559139252
57894  52.622  -14.797  3.773 55.3650321960
57895  52.696  -14.251  3.633 53.1989669800
57896  53.312  -14.187  3.245 54.8506546021
57897  55.468  -13.138  1.650 49.0918045044
57898  54.773  -13.135  2.142 48.9663772583
57899  55.641  -12.595  1.542 45.2686691284
57900  55.760  -12.064  1.451 41.3765830994
57901  56.604  -12.055  1.041 41.7125129700
62189  43.684  -22.073  5.835 23.3006420135
62190  44.501  -21.274  5.917 27.7595844269
62191  44.266  -21.550  6.284 26.9531288147
62192  45.370  -21.277  7.306 34.4693908691
62193  45.541  -20.909  6.974 35.4157371521
62194  46.201  -20.724  7.171 38.8002738953
62195  47.044  -20.171  7.046 43.1040916443
62196  46.887  -20.611  7.277 41.9097862244
62197  48.343  -22.954  5.261 60.9662780762
62198  48.670  -22.483  5.147 62.8681449890
62199  49.085  -22.521  4.644 65.1735763550
62200  51.367  -21.740  3.378 70.6035003662
62201  50.762  -21.603  3.539 70.3208465576
62202  51.641  -21.254  3.206 72.2157135010
62203  51.948  -20.749  3.058 73.6290054321
62204  52.611  -20.844  2.907 73.6594924927
62205  53.614  -20.366  2.746 72.8282623291
62206  53.286  -20.880  2.903 71.6526718140
62207  54.203  -21.440  3.403 66.6547164917
62208  54.548  -20.959  3.175 67.5605392456
62209  55.146  -20.990  3.386 65.5664672852
62210  56.126  -20.556  3.421 62.4910011292
62211  55.785  -21.006  3.605 61.4288940430
62255  43.401  -31.757  9.017 21.2741127014
62256  42.752  -31.697  9.064 22.3963947296
62257  43.668  -31.241  8.554 22.6863193512
62258  43.882  -30.749  8.138 24.3144607544
62259  44.558  -30.802  8.158 22.8696060181
62260  47.019  -29.857  7.732 21.3013401031
62261  46.328  -29.880  7.569 22.9983520508
62262  47.232  -29.346  7.398 22.8641090393
62263  47.472  -28.830  7.058 24.9257297516
62264  48.134  -28.799  7.251 21.8727741241
62270  58.765  -23.777  6.429 20.6253643036
62271  57.938  -23.679  6.455 22.0148658752
62272  58.983  -23.308  6.218 22.9012565613
62273  59.197  -22.857  5.977 25.0621223450
62274  60.053  -22.969  5.948 22.9593811035
62275  62.838  -22.522  5.604 21.7336463928
62276  62.062  -22.310  5.636 23.2773246765
62277  63.121  -22.078  5.467 22.3816547394
62278  63.323  -21.557  5.297 22.9854278564
62279  63.990  -21.829  5.232 20.7433910370
65094  58.460  -15.043  1.778 56.7414169312
65095  58.659  -14.467  1.539 53.8054885864
65096  59.452  -14.522  1.759 52.4923362732
65097  61.922  -13.587  2.026 41.8047485352
65098  61.275  -13.507  1.790 44.0330886841
65099  62.055  -13.022  1.733 39.9989509583
65100  62.196  -12.408  1.469 37.0367088318
65101  62.701  -12.596  1.598 35.6675415039
65102  63.896  -14.289  2.481 32.7242431641
65103  63.474  -14.065  2.460 34.9830169678
65104  63.944  -13.770  2.076 31.3793392181
65105  64.187  -12.576  0.821 26.5205726624
65106  63.959  -12.757  1.322 30.0034599304
65107  63.936  -12.239  0.911 27.3663825989
65108  63.613  -11.952  0.985 27.8738174438
65109  63.884  -11.759  0.547 24.4906406403
65110  63.858  -11.243  0.194 22.0878162384
65111  64.054  -11.661  0.081 21.1355800629
69390  42.424  -23.852  8.693 24.0204811096
69391  42.166  -24.175  9.012 23.2815246582
69392  43.184  -24.506  9.319 28.7849979401
69393  43.471  -24.104  9.068 29.5346183777
69394  44.122  -24.090  8.932 32.6097984314
69395  45.041  -23.674  8.552 36.6120071411
69396  44.720  -24.099  8.698 35.4947929382
69397  41.906  -26.222  10.018 23.4273967743
69398  42.235  -25.749  9.865 24.5465126038
69399  42.800  -25.819  9.589 27.1506137848
69400  44.978  -25.106  8.060 39.3599700928
69401  44.585  -25.030  8.530 36.0544853210
69402  45.359  -24.644  7.978 40.9004783630
69403  45.710  -24.211  7.909 42.3002433777
69404  46.089  -24.259  7.379 45.6377105713
69405  46.822  -23.840  6.693 50.6734046936
69406  46.454  -24.297  6.797 48.8197326660
69407  46.990  -24.899  5.819 51.3297882080
69408  47.331  -24.410  5.691 53.9676094055
69409  47.807  -24.520  5.305 54.9348869324
69410  48.653  -24.140  4.797 58.3803443909
69411  48.361  -24.624  5.012 55.5209808350
75759  47.943  -17.009  2.945 34.7911453247
75760  48.106  -16.869  2.504 32.3619194031
75761  48.494  -16.198  2.841 37.5842437744
75762  50.201  -14.017  2.805 42.1246070862
75763  49.654  -14.493  2.557 41.6875038147
75764  50.283  -13.668  2.394 39.9643783569
75765  50.466  -13.348  1.926 37.5545425415
75766  50.960  -12.896  2.217 37.7631301880
75767  52.922  -13.141  3.100 46.1552200317
75768  52.212  -13.246  3.202 45.0641746521
75769  52.992  -12.637  2.779 42.7086868286
75770  54.055  -11.137  1.707 31.0527744293
75771  53.190  -11.700  2.127 35.4449577332
75772  53.297  -11.277  1.753 31.5552272797
75773  52.536  -11.491  1.692 31.8886909485
75774  53.442  -10.805  1.357 27.5707969666
75775  53.570  -10.407  0.970 23.5707473755
75776  54.331  -10.178  0.972 22.0821781158
75782  59.116  -13.242  1.095 47.9948310852
75783  58.173  -13.199  0.995 48.5452575684
75784  59.257  -12.651  0.905 44.6319885254
75785  60.482  -10.731  0.701 32.4105758667
75786  59.566  -11.329  0.682 37.6645507812
75787  59.649  -10.740  0.609 32.1181259155
75788  58.800  -10.754  0.628 31.8712997437
75789  59.772  -10.081  0.578 26.3656654358
88650  46.567  -19.114  2.895 24.4245910645
88651  46.268  -19.409  3.144 25.4024448395
88652  46.958  -18.417  4.326 39.1145744324
88653  47.217  -18.047  3.958 38.4816780090
88654  47.754  -17.555  4.327 43.2468147278
88655  48.530  -16.771  4.282 45.4771537781
88656  48.338  -17.205  4.629 46.0944328308
88657  46.073  -19.812  5.921 38.1315650940
88658  46.270  -19.433  5.526 38.6924972534
88659  46.889  -19.162  5.886 42.9019126892
88660  49.276  -17.687  5.623 53.1934967041
88661  48.581  -17.858  5.555 49.6148605347
88662  49.378  -17.219  5.364 52.3072662354
88663  49.543  -16.738  5.051 51.7797966003
88664  50.207  -16.590  5.073 54.8268890381
88665  51.091  -15.930  4.671 55.8405761719
88666  50.892  -16.490  4.973 57.0887832642
88667  51.878  -16.920  4.629 63.6674079895
88668  52.068  -16.397  4.439 61.8007202148
88669  52.575  -16.338  3.996 63.8989067078
88670  53.277  -15.778  3.362 62.4247131348
88671  53.071  -16.326  3.523 64.3930664062
88672  44.354  -22.920  8.322 31.7824497223
88673  44.668  -22.504  8.064 32.1607246399
88674  45.307  -22.461  8.117 35.4950942993
88675  47.686  -21.519  7.248 48.6090736389
88676  47.114  -21.522  7.536 43.7645606995
88677  47.957  -21.033  7.180 49.0640373230
88678  48.212  -20.534  7.055 49.7053947449
88679  48.732  -20.561  6.728 54.7776641846
88680  49.315  -21.499  5.004 66.2014617920
88681  48.944  -21.549  5.663 63.2854766846
88682  49.643  -21.035  4.997 68.0697402954
88683  51.057  -19.519  4.434 71.6521301270
88684  50.321  -20.034  5.059 68.8278274536
88685  50.649  -19.507  5.085 69.3691253662
88686  50.217  -19.506  5.652 66.5044326782
88687  50.977  -18.951  5.064 68.9761123657
88688  51.262  -18.445  5.041 68.1028518677
88689  51.721  -18.410  4.474 69.8652267456
88690  53.760  -17.430  2.859 70.6548919678
88691  53.207  -17.402  3.271 70.3558502197
88692  54.035  -16.908  2.749 68.3131027222
88693  54.271  -16.374  2.566 65.6345214844
88694  54.974  -16.455  2.278 65.9834747314
88695  56.080  -15.984  2.008 63.7088203430
88696  55.784  -16.512  2.207 66.6016082764
88697  56.903  -17.348  2.496 65.7040176392
88698  57.259  -16.796  2.361 64.0914840698
88699  57.959  -16.964  2.504 61.8632583618
88700  59.011  -16.493  2.592 57.4623336792
88701  58.646  -17.085  2.670 59.1219711304
88702  55.478  -19.530  2.791 68.8870391846
88703  55.840  -19.016  2.725 68.8437881470
88704  56.478  -19.084  2.884 66.3443069458
88705  59.061  -18.320  3.240 53.2904510498
88706  58.474  -18.245  3.034 57.6588668823
88707  59.450  -17.795  3.189 52.3872985840
88708  59.844  -17.255  3.155 51.4133911133
88709  60.466  -17.277  3.374 47.2450714111
88710  61.586  -16.744  3.547 42.6167335510
88711  61.100  -17.321  3.590 43.4430427551
88712  61.931  -17.892  3.994 37.2816467285
88713  62.316  -17.417  3.962 36.4268379211
88714  62.868  -17.499  4.081 32.7148399353
88715  63.673  -17.122  3.970 28.2514572144
88716  63.425  -17.578  4.105 28.7640438080
88854  40.030  -29.611  10.480 20.7253684998
88855  42.020  -29.144  8.544 28.5853786469
88856  41.612  -28.932  9.057 26.9840278625
88857  42.346  -28.580  8.405 29.9429244995
88858  42.678  -28.039  8.353 31.3064079285
88859  43.126  -28.193  7.769 32.7849502563
88860  44.332  -29.731  7.388 27.7381629944
88861  43.698  -29.629  7.503 28.0934257507
88862  44.543  -29.210  7.075 29.8146514893
88863  46.046  -27.663  6.150 36.4732322693
88864  45.112  -28.085  6.481 34.2326011658
88865  45.372  -27.523  6.326 37.1474990845
88866  44.781  -27.376  6.648 37.3892173767
88867  45.695  -27.000  6.159 40.2918586731
88868  46.002  -26.488  6.065 43.2048912048
88869  46.646  -26.627  5.800 43.2560844421
88870  49.192  -25.888  5.384 45.4106330872
88871  48.539  -25.823  5.293 47.8357887268
88872  49.486  -25.383  5.136 49.5181274414
88873  49.782  -24.843  4.837 53.6295356750
88874  50.476  -24.883  5.013 51.3098335266
88886  53.417  -25.113  6.568 23.1443557739
88888  52.430  -25.672  6.591 23.1121196747
88889  51.435  -26.197  6.588 23.9182434082
88890  51.769  -25.735  6.365 28.7482643127
88891  51.176  -25.758  6.103 34.2887001038
88892  52.095  -25.235  6.091 33.7004737854
88893  53.578  -23.775  5.336 44.4461402893
88894  52.637  -24.290  5.441 44.2781982422
88895  52.901  -23.797  5.069 49.9592285156
88896  52.242  -23.833  4.767 55.1855468750
88897  53.168  -23.312  4.676 55.6762237549
88898  53.410  -22.843  4.325 59.4120368958
88899  54.101  -22.851  4.616 55.1817626953
88900  56.754  -22.011  4.773 48.1109046936
88901  56.001  -21.976  4.470 52.4904098511
88902  57.003  -21.548  4.469 50.5613021851
88903  57.221  -21.086  4.208 53.0168228149
88904  57.972  -21.109  4.501 48.2146644592
88905  59.822  -21.994  5.538 30.5801563263
88906  59.085  -21.986  5.435 34.2509727478
88907  60.093  -21.585  5.334 32.7729034424
88908  61.498  -20.300  4.907 33.7208023071
88909  60.544  -20.696  4.946 36.4946861267
88910  60.743  -20.248  4.704 37.3612785339
88911  59.966  -20.199  4.481 41.5474662781
88912  60.943  -19.769  4.513 38.0257263184
88913  61.128  -19.300  4.323 38.6778831482
88914  61.852  -19.378  4.513 34.9081153870
88915  64.250  -18.838  4.351 23.8857555389
88916  63.633  -18.645  4.402 26.7252502441
88917  64.383  -18.405  4.207 22.6976013184
88918  64.496  -17.985  4.008 21.8126049042
91622  48.627  -16.507  1.502 27.5838546753
91624  48.933  -16.335  1.005 24.5978298187
91625  50.037  -14.902  -0.041 22.8432807922
91630  52.081  -10.749  -0.537 20.3038406372
91631  51.505  -11.778  -0.361 22.7795333862
92508  64.313  -16.144  3.493 27.6395778656
92509  64.474  -15.648  3.122 27.6731700897
92510  64.736  -15.917  3.051 24.3435306549
92511  64.991  -15.790  2.515 21.7537803650
94641  53.731  -14.756  2.956 57.9537277222
94642  53.869  -14.187  2.841 55.8118629456
94643  54.424  -14.206  2.381 55.6231575012
94644  55.261  -13.670  1.723 52.9041252136
94645  56.268  -13.110  1.208 49.1578292847
97217  43.185  -22.541  6.581 22.7364521027
97218  44.073  -21.855  6.643 26.2844982147
97219  43.850  -22.129  6.992 25.9257316589
97220  44.470  -21.889  7.337 29.9400939941
97221  45.143  -21.689  7.543 33.2755393982
97222  49.325  -23.105  4.404 63.5559883118
97223  49.613  -22.554  4.183 66.1076049805
97224  50.195  -22.650  3.917 66.8297424316
97225  51.064  -22.235  3.558 69.1389312744
97226  51.972  -21.820  3.298 70.2257919312
97227  52.987  -21.371  3.068 70.0052719116
97228  52.614  -21.861  3.323 68.5065994263
97229  53.254  -21.883  3.448 67.0444717407
97230  53.856  -21.913  3.633 65.4936599731
97259  45.209  -30.848  8.229 21.4089374542
97267  60.614  -23.566  6.075 21.0173969269
97268  60.831  -23.140  5.956 22.0260105133
97269  61.680  -23.303  5.879 21.0814437866
97270  62.652  -23.010  5.678 20.8522949219
97271  63.597  -22.779  5.486 20.5587940216
98961  59.832  -15.261  2.290 53.3219757080
98962  60.151  -14.596  2.037 51.0656089783
98963  60.762  -14.726  2.342 48.6517028809
98964  61.656  -14.223  2.332 43.9377670288
98965  62.490  -13.735  2.219 39.8225326538
98966  64.487  -13.853  1.495 26.4166946411
98967  64.252  -13.531  1.622 28.3456211090
98968  64.421  -13.380  1.120 25.6874427795
98969  64.361  -12.926  0.695 25.0479602814
98970  64.292  -12.477  0.284 23.2865161896
98971  64.207  -12.047  -0.069 20.5204792023
101538  41.875  -24.558  9.297 22.4983024597
101539  41.544  -24.938  9.636 21.5212230682
101540  42.168  -24.918  9.643 24.5699996948
101541  42.844  -24.924  9.512 27.6397666931
101542  43.004  -26.354  9.281 29.5984001160
101543  43.346  -25.880  9.174 30.0736694336
101544  43.830  -25.953  8.701 33.2698364258
101545  44.589  -25.581  8.137 37.6348876953
101546  45.347  -25.174  7.533 42.2673606873
101547  46.116  -24.754  6.865 47.0080604553
101548  45.742  -25.224  6.945 45.1556015015
101549  46.135  -25.315  6.394 47.7997245789
101550  46.625  -25.415  5.925 48.6216773987
105360  48.886  -15.909  3.579 44.8535156250
105361  48.959  -15.621  3.177 42.2627334595
105362  49.490  -15.115  3.457 44.6274566650
105363  50.120  -14.366  3.280 43.9728469849
105364  50.803  -13.661  2.993 42.8818855286
105365  54.497  -12.024  2.122 40.2589302063
105366  53.817  -12.067  2.341 39.6572837830
105367  54.656  -11.507  1.892 35.6112976074
105368  54.788  -11.072  1.638 30.7178993225
105369  54.941  -10.567  1.319 25.5992450714
105370  55.147  -10.052  0.956 20.8612480164
105374  60.984  -12.192  1.102 39.5404777527
105375  60.185  -12.104  0.899 40.3486633301
105376  61.069  -11.554  0.919 36.3725166321
105377  61.143  -10.922  0.775 32.1690368652
105378  61.226  -10.236  0.679 26.9070968628
113094  46.014  -19.703  3.429 26.2434749603
113095  45.786  -19.946  3.869 27.0223598480
113096  46.223  -19.311  4.306 33.6442909241
113097  46.703  -18.792  4.720 38.9537811279
113098  47.337  -19.337  6.444 45.4865875244
113099  47.529  -18.929  6.090 46.4906768799
113100  48.207  -18.775  6.198 49.8388862610
113101  49.125  -18.165  5.905 54.2989845276
113102  49.977  -17.561  5.582 56.4973030090
113103  50.742  -17.003  5.213 57.9929122925
113104  50.614  -17.487  5.462 59.1739158630
113105  51.130  -17.510  5.225 62.3084487915
113106  51.655  -17.446  4.807 65.8703002930
113107  45.653  -22.835  8.171 38.5415802002
113108  45.961  -22.417  7.991 38.9432144165
113109  46.543  -22.428  7.762 42.8627166748
113110  47.384  -21.984  7.359 48.0763549805
113111  48.201  -21.528  6.815 54.1842269897
113112  50.824  -20.574  3.809 73.3918228149
113113  50.362  -20.550  4.356 71.0917587280
113114  51.150  -20.052  3.786 73.8207397461
113115  51.481  -19.536  3.840 73.9507827759
113116  51.821  -19.000  3.873 73.3448791504
113117  52.136  -18.403  3.875 71.7559127808
113118  52.616  -18.459  3.379 73.3710784912
113119  53.494  -17.976  2.952 72.1190338135
113120  54.472  -17.507  2.630 70.8555526733
113121  55.485  -17.048  2.395 69.4836425781
113122  55.179  -17.620  2.532 71.1959457397
113123  55.864  -17.763  2.535 69.4926605225
113124  56.559  -17.923  2.602 67.0333328247
113125  56.785  -19.629  3.146 63.7172431946
113126  57.113  -19.156  3.052 63.3716468811
113127  57.752  -19.220  3.216 59.1953773499
113128  58.727  -18.806  3.302 54.1911354065
113129  59.678  -18.344  3.461 48.8084869385
113130  60.686  -17.862  3.624 44.1611251831
113131  60.281  -18.359  3.664 45.1899528503
113132  60.950  -18.325  3.865 41.6680374146
113133  61.562  -18.360  4.053 38.0371589661
113215  40.193  -30.344  10.088 21.2023754120
113216  40.471  -29.816  9.923 22.5816383362
113217  40.934  -30.001  9.394 24.3249206543
113218  41.708  -29.661  8.739 27.1191349030
113219  42.505  -29.295  8.121 28.8837203979
113220  46.185  -28.830  6.754 29.0502643585
113221  45.525  -28.738  6.718 30.9354267120
113222  46.470  -28.298  6.448 31.7194995880
113223  46.744  -27.774  6.146 34.3468742371
113224  47.019  -27.258  5.930 38.3288688660
113225  47.317  -26.737  5.704 42.2571563721
113226  47.979  -26.815  5.760 39.9201660156
113227  48.949  -26.343  5.643 41.4224281311
113228  49.923  -25.851  5.602 42.7688598633
113236  55.136  -24.544  6.694 21.3565139771
113237  54.378  -24.590  6.522 24.3035869598
113238  53.672  -24.648  6.300 27.7662830353
113239  53.008  -24.705  6.044 33.2892265320
113240  53.987  -24.178  5.982 33.2010345459
113241  54.241  -23.742  5.636 38.9239158630
113242  54.515  -23.304  5.256 44.8046798706
113243  54.794  -22.891  4.932 50.7206192017
113244  55.478  -22.878  5.230 45.3305397034
113245  56.497  -22.441  5.125 45.4633178711
113246  57.513  -22.005  5.057 43.3633842468
113247  61.830  -21.210  5.284 27.7264442444
113248  61.084  -21.158  5.239 31.0939521790
113249  62.057  -20.754  5.111 29.3434371948
113250  62.253  -20.352  4.991 30.2874031067
113251  62.406  -19.910  4.842 30.7096881866
113252  62.567  -19.468  4.641 31.2828254700
113253  63.277  -19.559  4.693 27.9052467346
113254  64.107  -19.305  4.495 25.0476741791
113255  64.821  -19.093  4.193 21.5572452545
114878  49.744  -14.563  1.281 31.5870418549
114879  49.461  -15.386  0.911 27.5130233765
114880  49.970  -14.402  0.799 29.0596675873
114881  50.229  -14.121  0.334 26.5424041748
114882  50.528  -13.877  -0.154 24.4020442963
116010  62.431  -15.563  3.307 40.6574974060
116011  62.603  -15.024  3.014 39.8003540039
116012  63.155  -15.127  3.138 36.4572219849
116013  63.769  -14.766  2.847 33.1238327026
116014  64.244  -14.488  2.426 30.4718647003
116015  64.501  -15.216  2.751 27.8455829620
116016  64.553  -14.756  2.328 28.0421447754
116017  64.535  -14.286  1.881 27.6095790863
116018  64.700  -14.162  1.324 24.6718406677
116019  64.756  -14.100  0.710 21.5779819489
118017  41.616  -26.677  10.167 22.5617446899
118019  41.252  -27.129  10.316 21.7887268066
118020  42.134  -26.753  9.803 25.7868347168
118021  42.606  -26.836  9.362 29.1659622192
118022  43.038  -26.924  8.846 32.0291595459
118023  43.470  -26.974  8.264 34.1180038452
120987  51.345  -14.860  4.176 51.8680610657
120988  51.382  -14.379  3.855 49.7313919067
120989  52.070  -14.296  3.809 51.6487388611
120990  52.800  -13.708  3.376 49.7616958618
120991  53.560  -13.123  2.889 47.3858070374
120992  54.006  -13.665  2.731 52.8187904358
120993  54.163  -13.126  2.568 48.7203254700
120994  54.387  -12.547  2.351 44.4557800293
120995  55.121  -12.076  1.796 40.8867759705
120996  56.001  -11.535  1.306 36.6011466980
120997  57.032  -10.929  0.916 31.4700202942
120998  63.248  -10.588  0.452 23.9524707794
120999  62.885  -10.289  0.530 23.7747402191
127001  44.206  -21.613  5.064 23.1407642365
127002  44.990  -20.719  5.130 28.5650272369
127003  44.746  -20.988  5.537 28.3903236389
127004  45.299  -20.471  5.953 32.7590026855
127005  45.858  -20.174  6.281 37.2903137207
127006  44.917  -21.168  6.678 31.3614673615
127007  45.696  -20.543  6.640 36.2340888977
127008  46.516  -19.942  6.578 40.9961929321
127009  47.213  -19.761  6.769 44.3089523315
127010  47.884  -19.656  6.820 47.6232337952
127011  48.524  -19.614  6.736 51.3658409119
127012  47.589  -22.897  6.436 54.5071067810
127013  47.930  -22.447  6.374 56.3701515198
127014  48.289  -22.465  5.734 59.6120300293
127015  49.009  -21.990  5.022 64.4990386963
127016  49.717  -21.502  4.421 69.1391906738
127017  49.908  -22.051  4.062 67.9869766235
127018  50.190  -21.550  3.923 70.0540618896
127019  50.489  -21.050  3.850 72.2889328003
127020  51.358  -20.635  3.376 73.4959259033
127021  52.300  -20.236  2.973 73.9858551025
127022  53.290  -19.757  2.713 74.3072891235
127023  54.273  -19.312  2.626 74.1455383301
127024  53.979  -19.837  2.636 73.4579467773
127025  54.531  -19.957  2.733 71.0217819214
127026  55.175  -20.010  2.877 68.9341583252
127027  53.936  -20.920  3.004 69.4492492676
127028  54.854  -20.491  2.989 68.6004333496
127029  55.829  -20.049  3.054 67.1843414307
127030  56.456  -20.097  3.262 63.5468788147
127031  57.096  -20.136  3.504 59.0186309814
127032  57.665  -20.171  3.742 54.4516639709
127094  41.920  -32.099  9.620 21.0829486847
127095  42.152  -31.591  9.168 22.2343425751
127096  42.401  -31.060  8.695 23.4892005920
127097  42.592  -30.551  8.367 25.1039695740
127098  43.225  -30.662  8.200 25.0675716400
127099  44.086  -30.244  7.746 26.0379905701
127100  44.974  -29.799  7.359 26.1591739655
127101  45.445  -30.357  7.834 23.0072116852
127102  45.661  -29.872  7.438 24.5722999573
127103  45.919  -29.326  7.081 26.3100318909
127104  46.832  -28.858  6.862 27.0329074860
127105  47.735  -28.341  6.724 27.7344055176
127106  48.631  -27.818  6.613 28.0925445557
127115  56.912  -24.090  6.621 20.6108245850
127116  57.159  -23.645  6.407 23.7626743317
127117  57.387  -23.210  6.157 27.0857963562
127118  57.675  -22.827  5.867 30.5240097046
127119  58.380  -22.833  5.978 27.5765628815
127120  59.470  -22.411  5.757 27.6329154968
127121  60.547  -22.043  5.582 27.2110462189
127122  61.054  -22.639  5.786 23.2953929901
127123  61.341  -22.145  5.591 24.8496761322
127124  61.618  -21.654  5.435 26.3430786133
127125  62.598  -21.334  5.290 25.2993659973
127126  63.518  -21.060  5.117 23.7335739136
127127  64.327  -20.852  4.833 21.6758861542
128390  52.225  -10.965  0.610 25.4989204407
128391  51.674  -11.476  0.349 26.7513694763
128392  52.418  -10.570  0.139 22.2272129059
130836  56.693  -14.901  1.564 57.7814865112
130837  56.847  -14.318  1.325 54.8865165710
130838  57.770  -14.398  1.387 54.9372329712
130839  58.893  -13.862  1.300 50.9610862732
130840  59.965  -13.320  1.305 47.0452842712
130841  60.406  -13.995  1.788 48.5633773804
130842  60.706  -13.428  1.576 45.9859733582
130843  60.846  -12.805  1.328 42.8721389771
130844  61.585  -12.292  1.313 39.0879478455
130845  62.318  -11.781  1.239 34.5349578857
130846  62.834  -11.427  1.024 30.4020252228
130847  62.803  -14.480  2.702 39.3285408020
130848  63.005  -13.877  2.371 37.6234970093
130849  63.118  -13.300  2.023 36.4552803040
130850  63.951  -13.261  1.706 30.6027488708
130851  63.603  -12.982  1.710 33.2260627747
130852  63.171  -12.774  1.678 34.9711723328
130853  63.248  -12.217  1.375 31.5644416809
130854  63.247  -11.686  1.023 28.8146324158
130855  63.252  -11.144  0.730 26.7301616669
130856  63.573  -10.903  0.354 23.3192138672
130857  63.721  -10.776  -0.065 20.2667198181
136277  42.082  -23.726  8.069 20.6017055511
136278  42.972  -23.184  8.011 24.8015365601
136279  42.716  -23.514  8.344 24.6030311584
136280  43.390  -23.369  8.522 28.0641307831
136281  43.990  -23.327  8.603 31.2043342590
136282  42.766  -24.137  9.101 26.4150791168
136283  43.662  -23.709  8.826 30.3108329773
136284  44.698  -23.274  8.516 34.4220466614
136285  45.343  -23.256  8.353 37.6901054382
136286  45.923  -23.272  8.090 41.2180404663
136287  46.453  -23.304  7.687 45.2086601257
136288  41.579  -25.727  10.064 21.9405212402
136289  42.557  -25.330  9.693 26.1438446045
136290  43.516  -24.937  9.272 30.0776901245
136291  43.727  -25.411  9.066 31.4432125092
136292  44.105  -24.949  8.953 32.8652763367
136293  44.397  -24.530  8.811 34.1907768250
136294  45.262  -24.138  8.372 38.7075843811
136295  46.066  -23.758  7.809 43.7681045532
136296  46.882  -23.332  7.113 49.3907279968
136297  47.229  -23.372  6.549 52.6030311584
136298  47.580  -23.411  5.990 55.8353004456
136299  47.972  -23.446  5.462 58.9344367981
136300  46.870  -24.334  6.177 51.9170722961
136301  47.654  -23.923  5.591 56.4925651550
136302  48.449  -23.503  4.988 60.1106185913
136303  48.998  -23.625  4.622 60.9985923767
136304  49.600  -23.692  4.397 61.5644111633
136305  50.229  -23.729  4.312 61.0413475037
144114  47.205  -18.474  2.210 20.5485610962
144116  47.783  -17.601  2.142 26.0115165710
144117  48.296  -16.732  2.009 29.9991054535
144118  48.846  -15.797  1.876 32.6536521912
144119  49.055  -15.361  2.716 39.8262863159
144120  49.199  -15.079  2.233 37.3742637634
144121  49.441  -14.830  1.745 34.3631477356
144122  50.063  -13.890  1.615 35.4764289856
144123  50.635  -13.050  1.436 35.2640419006
144124  51.271  -12.182  1.253 32.2384834290
144125  51.419  -13.875  3.522 46.6804199219
144126  51.445  -13.422  3.134 43.8778991699
144127  51.537  -12.982  2.755 41.2643089294
144128  53.081  -12.169  2.449 39.1722640991
144129  52.324  -12.330  2.475 38.8148193359
144130  51.627  -12.572  2.406 38.2114868164
144131  51.686  -12.191  1.990 35.1063995361
144132  51.848  -11.774  1.516 31.9663372040
144133  52.040  -11.312  1.055 28.6807861328
144134  52.864  -10.638  0.801 24.6113338470
144143  57.035  -13.713  1.155 52.2460174561
144144  57.218  -13.129  1.000 48.7839698792
144145  57.377  -12.562  0.891 45.2312126160
144146  59.380  -12.016  0.736 41.2751197815
144147  58.501  -11.990  0.690 41.4205436707
144148  57.550  -12.016  0.793 41.6687660217
144149  57.709  -11.417  0.752 37.4920463562
144150  57.911  -10.821  0.739 31.6966419220
144151  58.119  -10.188  0.703 25.6492385864
144152  62.408  -10.020  0.569 22.6946945190
144153  61.843  -9.791  0.561 21.9807128906
144154  61.234  -9.605  0.523 21.7142581940
144157  60.588  -9.481  0.498 21.3024864197
144158  59.892  -9.428  0.549 20.5476341248
159631  46.849  -18.800  2.575 23.1616382599
159632  47.271  -18.039  2.943 30.8726806641
159633  47.703  -17.328  3.292 36.7765350342
159634  46.717  -18.687  3.546 32.4918327332
159635  47.448  -17.640  3.629 37.5813560486
159636  48.159  -16.777  3.619 41.8234825134
159637  48.691  -16.354  3.927 45.2446441650
159638  49.304  -15.951  4.208 47.0233268738
159639  49.863  -15.736  4.382 48.9822845459
159640  45.747  -19.883  5.111 33.8406066895
159641  46.488  -19.138  5.136 38.7237510681
159642  47.274  -18.386  5.088 42.8930473328
159643  47.754  -18.497  5.727 46.6684532166
159644  47.920  -18.085  5.370 46.2886619568
159645  48.108  -17.667  4.977 46.2752914429
159646  48.965  -16.911  4.888 48.9760589600
159647  49.718  -16.232  4.712 50.3166732788
159648  50.528  -15.538  4.463 51.2716026306
159649  51.205  -15.411  4.421 53.8250885010
159650  51.843  -15.370  4.273 55.6753921509
159651  52.413  -15.374  4.037 57.6795730591
159652  51.470  -16.486  4.792 59.2754402161
159653  52.227  -15.899  4.237 60.1465873718
159654  52.979  -15.300  3.602 59.8079605103
159655  53.491  -15.298  3.155 60.1692962646
159656  54.033  -15.304  2.670 60.2002639771
159657  54.692  -15.321  2.201 60.3801116943
159658  43.965  -22.647  7.894 28.7436199188
159659  44.926  -22.073  7.796 32.5376930237
159660  45.839  -21.560  7.641 36.3493728638
159661  46.235  -21.996  7.826 39.2583465576
159662  46.465  -21.549  7.684 39.5126380920
159663  46.682  -21.103  7.469 40.6564674377
159664  47.565  -20.595  7.283 45.3563079834
159665  48.367  -20.083  6.913 50.5016441345
159666  49.185  -19.581  6.510 55.8637008667
159667  48.279  -22.021  6.312 58.3799819946
159668  48.656  -21.530  6.253 60.2339363098
159669  48.952  -21.042  6.244 60.9575309753
159670  49.980  -20.528  5.019 68.4036026001
159671  49.611  -20.544  5.688 65.6942749023
159672  49.189  -20.574  6.275 60.6898803711
159673  49.514  -20.025  6.229 60.6383590698
159674  49.745  -19.526  6.133 60.8952407837
159675  49.975  -19.032  6.025 60.4193115234
159676  50.734  -18.503  5.512 64.3594818115
159677  51.489  -17.943  4.972 67.3468399048
159678  52.195  -17.386  4.290 67.5590591431
159679  52.454  -17.887  3.846 70.3161926270
159680  52.722  -17.369  3.753 68.8706283569
159681  52.881  -16.854  3.654 66.5411071777
159682  53.618  -16.360  3.036 65.0609970093
159683  54.494  -15.851  2.393 62.9856872559
159684  55.501  -15.378  1.864 60.4697723389
159685  56.400  -15.425  1.770 60.8670310974
159686  57.265  -15.507  1.832 60.9374961853
159687  57.998  -15.662  1.985 59.2707443237
159688  56.539  -16.631  2.251 66.0252609253
159689  57.621  -16.243  2.182 61.6854324341
159690  58.713  -15.786  2.187 57.5222358704
159691  59.400  -15.886  2.441 55.3516159058
159692  60.040  -15.986  2.745 52.2197380066
159693  60.679  -16.045  3.002 48.9566764832
159694  55.213  -18.896  2.625 71.6558837891
159695  56.219  -18.480  2.692 68.3296813965
159696  57.242  -18.102  2.704 64.6359634399
159697  57.517  -18.672  2.948 62.7553901672
159698  57.893  -18.155  2.857 61.7559356689
159699  58.249  -17.655  2.764 60.4607429504
159700  59.243  -17.214  2.918 55.3616294861
159701  60.255  -16.664  3.101 50.3697280884
159702  61.319  -16.105  3.249 45.6138038635
159703  61.993  -16.166  3.452 41.8313789368
159704  62.569  -16.259  3.612 38.1579666138
159705  63.049  -16.377  3.731 34.8589668274
159706  61.748  -17.386  3.825 39.8142967224
159707  62.664  -16.928  3.895 35.6211204529
159708  63.539  -16.487  3.795 31.6465854645
159709  63.980  -16.655  3.776 27.8904514313
159710  64.391  -16.861  3.678 24.3794498444
159711  64.748  -17.110  3.542 21.0729427338
159876  40.666  -28.622  10.353 23.2603626251
159877  40.817  -29.294  9.786 23.9340705872
159878  41.148  -28.807  9.706 25.2808647156
159879  41.473  -28.284  9.636 26.6519126892
159880  42.293  -27.881  8.962 29.7064762115
159881  43.072  -27.486  8.311 32.7292098999
159882  43.843  -27.103  7.655 36.1028938293
159883  42.837  -30.032  8.009 26.7577095032
159884  43.069  -29.472  7.757 28.5540752411
159885  43.307  -28.916  7.512 30.6670055389
159886  44.837  -28.649  6.780 32.0666351318
159887  44.180  -28.517  6.980 32.4612541199
159888  43.615  -28.345  7.312 32.7016258240
159889  43.950  -27.784  7.183 34.6710968018
159890  44.269  -27.241  7.102 37.3535995483
159891  44.610  -26.725  7.056 39.8050956726
159892  45.429  -26.346  6.488 42.7291488647
159893  46.319  -25.979  5.953 45.8862419128
159894  47.219  -25.575  5.547 49.1876564026
159895  47.612  -26.218  5.517 46.1553344727
159896  47.868  -25.722  5.347 49.3587913513
159897  48.151  -25.172  5.157 52.4437522888
159898  49.075  -24.741  4.823 55.5537986755
159899  50.030  -24.279  4.586 57.7108459473
159900  50.937  -23.818  4.378 59.4576644897
159907  49.044  -28.266  7.137 21.1289768219
159908  49.313  -27.778  6.865 23.8782615662
159909  49.584  -27.269  6.598 26.7954864502
159916  51.146  -26.686  6.800 20.6915073395
159917  50.509  -26.728  6.586 25.1820659637
159918  49.896  -26.760  6.341 30.2817649841
159919  50.241  -26.272  6.096 34.9620933533
159920  50.523  -25.844  5.845 39.6809806824
159921  50.812  -25.369  5.556 44.0631866455
159922  52.350  -24.757  5.778 38.7617111206
159923  51.733  -24.845  5.498 44.2901344299
159924  51.064  -24.896  5.216 48.5979423523
159925  51.323  -24.361  4.879 53.2227210999
159926  51.547  -23.873  4.531 57.7339935303
159927  51.796  -23.362  4.217 60.7560806274
159928  52.758  -22.852  4.068 61.8198127747
159929  53.655  -22.377  3.969 62.7646255493
159930  54.597  -21.919  3.891 61.6349601746
159931  55.036  -22.415  4.533 53.9976158142
159932  55.284  -21.943  4.167 56.9433059692
159933  55.557  -21.460  3.862 60.0249710083
159934  56.520  -21.040  3.908 57.2567596436
159935  57.459  -20.612  3.957 53.7694015503
159936  58.423  -20.159  3.996 50.0619926453
159937  58.025  -22.413  5.563 34.6044692993
159938  58.288  -21.991  5.279 38.5945014954
159939  58.522  -21.570  4.969 40.9853439331
159940  60.329  -21.132  5.140 34.6508750916
159941  59.558  -21.115  4.965 38.4819450378
159942  58.777  -21.109  4.743 43.3769607544
159943  58.978  -20.648  4.506 45.3210792542
159944  59.166  -20.172  4.274 45.9912109375
159945  59.402  -19.692  4.058 46.5018005371
159946  60.378  -19.253  4.095 42.8400039673
159947  61.310  -18.839  4.182 38.6069335938
159948  62.284  -18.425  4.238 34.1219558716
159949  62.778  -19.009  4.504 31.2285594940
159950  62.980  -18.505  4.357 30.2567996979
159951  63.219  -18.039  4.230 29.4821128845
159952  63.994  -17.745  4.082 25.1130199432
159953  64.648  -17.552  3.814 21.3308696747
163198  49.189  -16.167  0.514 22.0033874512
163204  51.288  -12.115  0.049 26.3288402557
163205  51.020  -12.833  -0.267 24.4499645233
163206  50.763  -13.704  -0.629 22.6580066681
