#!ascii label  , from subject fsaverage vox2ras=TkReg
1368
146  59.355  -31.619  10.173 33.4790039062
319  56.480  -36.409  18.049 33.3770713806
320  64.885  -35.522  12.343 29.5206279755
594  63.053  -23.979  5.441 30.4527072906
595  65.997  -30.597  3.741 28.2104034424
596  57.329  -35.810  6.344 27.9310226440
800  60.587  -36.805  18.482 29.7554626465
1317  53.112  -31.212  9.505 28.9448261261
1318  54.858  -27.092  7.427 32.3943023682
1319  61.029  -28.158  6.524 29.9209308624
1322  62.144  -38.198  12.717 27.4512805939
1323  62.170  -36.081  8.470 33.1578216553
1324  58.285  -37.990  10.207 30.0686969757
1325  53.312  -37.933  8.650 28.3953208923
1727  57.673  -34.231  14.185 33.4350280762
1728  63.823  -32.342  12.165 30.9919776917
1729  62.305  -34.747  15.189 35.3123283386
1730  64.327  -37.454  15.775 27.4689006805
2417  56.647  -23.224  5.991 31.5546283722
2420  64.440  -27.173  1.257 26.9732818604
2421  60.107  -30.747  1.983 28.1053028107
2422  65.849  -32.917  8.273 30.2529373169
2423  61.982  -33.132  4.999 33.6837768555
3235  55.383  -33.051  11.640 31.8920688629
3236  52.196  -32.960  11.298 27.8007354736
3237  56.306  -31.466  9.585 32.5377044678
3238  57.211  -29.626  7.846 32.3169212341
3239  60.055  -30.080  8.187 32.2950286865
3240  63.153  -28.977  7.121 27.2724018097
3241  62.333  -30.507  9.052 30.3743000031
3243  60.148  -37.766  11.326 29.0648097992
3245  56.455  -38.746  11.498 27.5015125275
3837  53.400  -36.565  18.132 27.1513233185
3838  54.006  -35.576  15.841 28.5153255463
3839  57.037  -35.286  16.272 33.9378776550
3840  60.162  -34.042  14.976 36.4882545471
3841  59.588  -35.320  16.577 35.5374984741
3843  63.061  -36.814  17.325 29.1338024139
5395  58.955  -25.305  6.518 35.0807533264
5396  55.718  -25.043  6.943 34.8760337830
5397  59.815  -23.431  6.161 35.8220863342
5398  60.784  -21.630  5.470 29.4269580841
5399  63.838  -22.318  5.362 28.6863307953
5404  65.544  -29.067  2.079 27.8763160706
5405  62.442  -29.095  1.461 28.3197135925
5406  63.560  -30.690  2.448 30.4639358521
5407  64.923  -33.673  12.409 30.0518722534
5408  65.533  -32.402  10.526 29.1180725098
5409  65.379  -34.287  10.444 29.5996761322
5410  59.996  -36.053  7.113 31.8545475006
5411  62.275  -34.946  6.602 34.7410354614
5412  59.526  -34.421  5.783 31.0445194244
5413  58.948  -32.981  4.460 30.5059204102
5414  56.674  -34.405  5.369 27.4697341919
5417  51.497  -38.566  10.413 26.9365825653
6047  55.651  -37.416  20.071 28.5707378387
6048  58.824  -36.432  18.249 32.7708702087
6049  57.978  -37.425  20.208 27.6191272736
6980  50.789  -29.120  7.946 27.1124267578
6981  53.986  -29.317  8.195 29.6923942566
6982  58.145  -27.426  6.739 32.5410766602
6983  62.008  -25.841  5.767 29.6319828033
6988  63.853  -37.161  12.384 29.0510730743
6989  64.013  -35.896  10.328 30.2278347015
6990  61.951  -36.923  10.791 31.4452304840
6991  60.130  -37.074  9.297 31.7236232758
6992  57.825  -37.187  7.961 30.9809417725
6993  55.267  -37.071  7.264 27.6930751801
6994  55.878  -37.959  9.307 29.6145915985
6995  54.044  -38.614  10.826 28.3982715607
7870  54.585  -34.390  13.741 30.3263397217
7871  58.516  -32.942  12.191 33.8822746277
7872  61.568  -31.905  11.088 32.6012878418
7873  60.931  -33.057  13.090 34.8127517700
7874  63.075  -33.562  13.807 33.4330558777
7875  64.547  -34.840  14.067 31.9952316284
7876  61.422  -35.922  16.697 33.0744972229
7877  63.930  -35.860  15.542 31.4757156372
7878  64.719  -36.625  14.066 28.7134685516
9805  51.602  -27.168  7.148 28.6308517456
9806  52.718  -25.205  6.345 28.0792427063
9820  64.440  -30.931  10.132 28.8124713898
9821  66.155  -31.097  8.382 28.1146011353
9822  65.996  -31.838  6.046 29.1630668640
9823  64.208  -34.674  8.249 32.4110755920
9824  64.460  -33.547  6.157 33.6007614136
9825  64.268  -32.041  4.230 31.7767353058
9826  61.266  -31.903  3.410 31.6515350342
9827  57.906  -32.175  2.866 27.0672035217
10915  57.369  -32.314  10.844 33.5184669495
10916  55.878  -32.266  10.567 32.3256263733
10917  57.816  -31.568  9.830 33.4977455139
10918  58.214  -30.748  8.851 33.0809860229
10919  59.650  -30.841  9.179 33.1001091003
10920  61.212  -30.302  8.551 31.3209857941
10921  60.778  -31.039  9.573 32.8049201965
11515  54.683  -37.027  19.103 29.9657154083
11517  54.978  -36.479  18.078 30.9520473480
11518  55.267  -35.935  17.124 31.3502769470
11519  56.773  -35.819  17.138 34.1109542847
11520  58.306  -35.234  16.486 35.6124801636
11521  58.076  -35.805  17.269 35.5678291321
13075  61.064  -24.540  6.004 34.0031051636
13076  59.407  -24.377  6.415 35.6982574463
13077  61.472  -23.702  5.912 34.4510688782
13078  61.852  -22.816  5.775 32.5450477600
13079  63.378  -23.177  5.473 30.0006351471
13081  64.481  -23.508  5.033 26.8989543915
13084  65.782  -29.886  2.750 27.6930656433
13085  64.649  -29.961  2.177 28.8575935364
13086  65.006  -30.719  2.978 29.5605239868
13087  65.035  -34.524  12.405 29.4431133270
13088  65.305  -34.004  11.437 29.4155120850
13089  65.096  -34.880  11.431 29.6044540405
13090  58.611  -35.866  6.629 29.9065303802
13091  59.801  -35.254  6.391 31.6546745300
13092  58.456  -35.079  6.003 29.5782451630
13093  58.141  -34.393  5.528 28.9635181427
13094  57.054  -35.148  5.848 27.8433189392
13096  55.992  -35.809  6.185 27.0036163330
13920  56.822  -37.401  20.149 28.5809955597
15468  52.640  -32.081  10.355 28.3962478638
15472  51.548  -31.051  9.541 27.1057987213
15473  51.908  -30.155  8.782 27.3815345764
15474  53.555  -30.268  8.798 29.1227588654
15475  59.154  -28.875  7.131 31.7584953308
15476  57.668  -28.559  7.139 31.8821544647
15477  59.635  -27.713  6.495 31.5244121552
15478  60.069  -26.517  6.145 31.9454994202
15479  61.548  -26.980  6.046 29.4782772064
15481  62.703  -27.426  6.147 27.4552917480
15482  64.173  -29.264  7.573 27.0140647888
15487  63.010  -37.768  12.501 29.1830749512
15488  62.910  -37.090  11.538 30.2262287140
15489  62.004  -37.513  11.790 29.7273635864
15490  59.251  -37.802  10.677 29.5930233002
15491  60.073  -37.328  10.305 31.0755805969
15492  59.163  -37.575  9.713 30.9166870117
15493  59.119  -37.231  8.574 31.4033641815
15494  58.106  -37.684  9.144 30.4933624268
15495  56.813  -37.610  8.612 30.1058464050
15496  57.146  -38.020  9.752 29.7968177795
15498  55.266  -38.659  11.163 28.1677875519
15499  54.351  -39.124  11.899 27.1524543762
15500  53.062  -39.015  11.614 27.3439693451
17275  55.803  -34.907  14.993 31.7250251770
17276  54.324  -34.967  14.784 29.3560562134
17277  56.166  -34.315  13.960 32.2298278809
17278  56.560  -33.669  12.893 32.7212486267
17279  58.097  -33.615  13.109 33.6853179932
17280  59.720  -33.018  12.577 34.2556838989
17281  59.331  -33.589  13.606 34.4205627441
17282  61.325  -34.268  15.153 35.9784774780
17283  61.752  -33.693  14.429 35.3167572021
17284  62.708  -34.126  14.538 34.6691780090
17285  64.011  -34.061  13.940 32.6968269348
17286  63.625  -34.697  14.634 34.2336387634
17287  59.678  -36.574  18.270 31.3282642365
17288  60.091  -36.101  17.403 33.3254852295
17289  60.939  -36.395  17.525 31.9082889557
17290  63.943  -36.976  16.594 28.2581691742
17291  63.532  -36.309  16.408 31.1941738129
17292  64.294  -36.627  15.745 30.2558536530
17293  64.572  -36.184  14.839 30.0778408051
17294  64.605  -37.058  14.979 29.0597820282
17295  64.395  -37.532  14.152 28.2162818909
21945  52.789  -28.099  7.649 29.4731769562
21946  51.187  -28.163  7.540 27.8210353851
21947  53.194  -27.045  7.326 30.9408245087
21948  56.146  -24.091  6.565 33.7658767700
21949  54.151  -25.052  6.764 31.3089370728
21950  54.617  -24.158  6.231 29.6736145020
21952  55.167  -23.290  5.567 27.5327796936
21954  57.226  -22.419  5.385 28.4969177246
21971  66.266  -26.080  1.851 26.9112873077
21972  65.179  -26.150  1.308 27.2450351715
21977  61.251  -29.947  1.695 28.2352600098
21978  60.664  -29.249  1.356 26.9404621124
21982  62.721  -32.017  11.656 31.4933681488
21983  63.061  -31.374  10.649 30.5149650574
21984  64.065  -31.632  11.156 29.5100479126
21985  65.941  -32.606  9.388 29.4492187500
21986  65.893  -31.647  9.476 27.6894989014
21987  66.145  -31.978  8.328 28.4972133636
21988  66.273  -31.423  7.205 28.3439674377
21989  65.992  -32.293  7.256 29.6385898590
21990  63.132  -35.910  9.421 31.8648738861
21991  64.111  -35.311  9.320 31.5457210541
21992  63.276  -35.444  8.333 33.0559043884
21993  62.170  -34.062  5.780 34.3329811096
21994  63.372  -34.333  6.382 34.1018562317
21995  63.329  -33.456  5.469 34.3047027588
21996  64.425  -32.819  5.173 32.5261993408
21997  63.207  -32.592  4.623 33.9000358582
21998  62.907  -31.926  3.752 32.5581169128
21999  61.770  -32.416  4.219 33.1532287598
22000  57.353  -33.039  4.201 28.2263545990
22001  58.476  -32.550  3.687 29.1187076569
22012  54.267  -37.583  7.923 27.9599704742
24255  53.463  -33.754  12.449 29.4360980988
24256  51.889  -33.778  12.304 27.1553688049
24257  53.864  -32.962  11.362 30.0973072052
24258  54.249  -32.224  10.388 30.5713233948
24259  54.818  -31.325  9.441 30.9021663666
24260  55.227  -30.429  8.648 31.0248680115
24261  56.800  -30.601  8.677 32.6238479614
24262  58.695  -29.842  7.944 32.6587142944
24263  60.544  -29.177  7.254 31.1299495697
24264  62.157  -28.575  6.686 28.5897674561
24265  61.665  -29.523  7.552 29.9732437134
24266  62.719  -29.806  8.019 28.9891014099
24267  63.816  -30.019  8.574 28.0244159698
24269  61.155  -37.915  12.018 28.3935279846
24271  59.256  -38.231  11.704 27.3615283966
24272  58.298  -38.294  11.238 27.8891353607
24273  57.350  -38.365  10.807 28.6408767700
25341  53.698  -36.135  16.976 27.9178199768
25342  55.555  -35.419  16.028 31.3537769318
25343  57.285  -34.785  15.260 33.5317573547
25344  58.930  -34.132  14.614 34.8209648132
25345  58.534  -34.684  15.585 35.2945098877
25346  59.813  -34.682  15.804 36.1898193359
25347  60.963  -34.944  15.763 35.4020462036
25348  61.488  -37.146  18.780 27.0379753113
25349  61.878  -36.768  17.867 30.0152416229
28143  56.888  -26.203  7.063 34.8881187439
28144  55.323  -26.062  7.217 34.1438674927
28145  57.343  -25.169  6.904 36.0022468567
28146  57.750  -24.160  6.651 35.5878601074
28147  58.191  -23.227  6.238 34.6674804688
28148  58.751  -22.406  5.714 31.4237060547
28149  60.302  -22.497  5.749 33.0652542114
28150  62.371  -21.835  5.458 29.7564296722
28160  65.095  -28.106  1.593 27.8532676697
28161  63.498  -28.159  1.327 27.4197578430
28162  64.178  -29.068  1.660 28.4955940247
28163  63.045  -29.901  1.839 29.4040412903
28164  61.887  -30.626  2.229 29.5563430786
28165  64.523  -32.948  12.395 30.9057960510
28166  64.796  -32.242  11.439 29.0467433929
28167  65.272  -33.087  11.487 29.7388572693
28168  65.637  -33.350  10.432 29.3050613403
28169  65.651  -33.601  9.344 30.1920623779
28170  61.242  -36.195  7.794 33.3178024292
28171  62.342  -35.638  7.455 33.4943962097
28172  61.157  -35.502  6.840 33.0902481079
28173  60.886  -34.633  6.100 33.1267395020
28174  60.721  -33.712  5.439 33.2918205261
28175  60.506  -32.967  4.705 32.6430931091
28176  59.319  -33.655  5.151 30.9587497711
28177  57.784  -33.638  4.925 28.6804313660
28183  52.445  -38.197  9.509 27.9000396729
29470  54.324  -37.397  20.188 26.9411449432
29471  56.081  -36.991  19.016 31.8152637482
29472  57.707  -36.413  18.132 34.0777435303
29473  57.216  -36.936  19.181 31.8704357147
29474  58.331  -36.944  19.215 30.6477203369
29475  59.213  -37.056  19.282 29.0662059784
29478  60.271  -37.187  19.426 27.2640342712
31648  52.338  -29.176  8.123 28.3040504456
31649  54.471  -28.185  7.682 30.7488746643
31650  55.608  -29.494  8.032 31.1762123108
31651  56.089  -28.399  7.460 31.5401725769
31652  56.508  -27.266  7.203 32.9072570801
31653  58.504  -26.259  6.546 34.0034637451
31654  60.528  -25.449  6.028 32.7899780273
31655  62.511  -24.851  5.602 30.4887943268
31656  64.148  -24.348  5.171 26.9992065430
31665  66.426  -30.316  4.813 27.1262340546
31666  64.511  -36.377  12.342 28.5843429565
31667  64.604  -35.716  11.334 29.0265598297
31668  63.865  -36.496  11.380 29.5244235992
31669  63.062  -36.464  10.499 30.9671230316
31670  62.042  -36.403  9.657 32.4517936707
31671  60.978  -37.326  11.019 30.3513565063
31672  61.009  -36.869  9.995 31.7983322144
31673  61.161  -36.571  8.885 32.7285270691
31674  60.157  -36.708  8.172 32.5151557922
31675  58.934  -36.633  7.513 31.0013198853
31676  57.598  -36.530  6.967 29.3641223907
31677  56.291  -36.465  6.725 27.7418308258
31678  56.526  -37.115  7.518 29.3876533508
31679  55.518  -37.573  8.166 29.7820053101
31680  54.583  -37.927  8.918 29.2974720001
31681  56.175  -38.315  10.450 29.3727111816
31682  55.001  -38.290  10.038 29.1255588531
31683  53.696  -38.237  9.700 28.5623760223
31684  52.764  -38.553  10.555 27.7677135468
31685  51.816  -39.012  11.397 26.8965778351
33980  53.045  -34.466  13.522 28.0501441956
33981  55.027  -33.717  12.602 31.3726940155
33982  56.961  -33.007  11.888 33.0920944214
33983  58.918  -32.324  11.194 33.8737030029
33984  60.448  -31.782  10.652 33.2510795593
33985  60.101  -32.400  11.646 33.5786933899
33986  61.265  -32.481  12.093 33.3854675293
33987  62.439  -32.568  12.630 33.2753524780
33988  60.516  -33.515  14.128 35.4179840088
33989  62.102  -33.162  13.573 35.1370582581
33990  63.443  -33.003  13.000 32.8073577881
33991  64.241  -33.525  13.195 31.3368568420
33992  64.732  -34.218  13.294 30.7919406891
33993  64.944  -35.147  13.286 30.5053386688
33994  59.280  -35.877  17.293 34.5426101685
33995  60.581  -35.558  16.543 34.5927238464
33996  61.930  -35.353  15.878 34.2036514282
33997  62.316  -36.349  16.961 31.5845451355
33998  62.851  -35.855  16.102 32.7212181091
33999  63.231  -35.243  15.345 33.1521606445
34000  64.261  -35.445  14.774 31.8176727295
34001  64.750  -35.719  14.051 30.2685661316
34002  64.792  -36.108  13.247 29.0208969116
34003  64.462  -37.032  13.226 28.2963447571
34004  63.852  -37.843  13.263 28.0647087097
39650  49.730  -28.235  7.309 26.9445743561
39651  50.237  -27.231  6.829 27.4027900696
39652  53.651  -26.062  7.079 31.8683757782
39653  52.139  -26.136  6.796 29.2399845123
39654  50.817  -26.222  6.333 27.0415706635
39661  59.300  -21.554  5.232 28.2789993286
39694  61.932  -31.223  10.097 31.4353542328
39695  63.417  -30.700  9.662 29.1408023834
39696  64.777  -30.356  9.085 27.8157367706
39697  65.119  -31.530  10.448 28.3920269012
39698  65.524  -30.857  9.425 28.1816177368
39699  65.783  -30.288  8.297 27.2476253510
39700  66.270  -30.485  7.212 27.4487514496
39701  66.354  -30.862  5.990 27.9645996094
39702  65.999  -31.208  4.821 28.9061107635
39703  64.835  -35.177  10.370 30.2451534271
39704  64.999  -34.595  9.337 30.5896759033
39705  65.174  -33.811  8.278 31.7404251099
39706  63.352  -34.999  7.230 34.2118568420
39707  64.422  -34.129  7.211 33.3702850342
39708  65.303  -33.230  7.209 31.7546386719
39709  65.429  -32.731  6.051 31.1111431122
39710  65.365  -32.084  4.979 30.4502468109
39711  65.237  -31.387  3.894 30.0992240906
39712  63.974  -31.385  3.329 30.8461360931
39713  62.426  -31.330  2.932 30.9724178314
39714  60.661  -31.341  2.682 29.6037368774
39715  60.146  -32.394  3.935 31.4755878448
39716  59.553  -31.951  3.177 29.4348220825
39717  59.020  -31.524  2.436 27.4467391968
41635  58.357  -31.990  10.490 33.5974693298
41636  57.610  -31.948  10.301 33.5302200317
41637  58.574  -31.595  9.949 33.5065002441
41638  58.753  -31.194  9.484 33.5547714233
41639  59.482  -31.232  9.666 33.3245506287
41640  60.210  -30.913  9.356 32.9812049866
41641  60.084  -31.298  9.869 33.2152900696
42235  55.569  -36.742  18.581 32.1594657898
42236  54.864  -36.756  18.575 30.4636344910
42237  55.754  -36.449  18.058 32.7886962891
42238  55.881  -36.149  17.580 33.2201423645
42239  56.659  -36.099  17.549 34.0474052429
42240  57.426  -35.768  17.185 34.8546333313
42241  57.254  -36.124  17.620 34.6905479431
43795  62.068  -24.233  5.745 32.6323623657
43796  61.340  -24.128  5.953 34.8008651733
43797  62.325  -23.845  5.673 32.4430732727
43798  62.483  -23.429  5.702 32.1903686523
43799  63.226  -23.569  5.474 30.2528877258
43800  63.952  -23.319  5.248 28.3308277130
43801  63.780  -23.715  5.280 28.5388011932
43802  66.242  -30.157  3.688 27.3362865448
43803  66.173  -29.806  3.196 27.0551834106
43804  65.889  -30.261  3.222 27.9098815918
43805  65.406  -30.351  2.840 28.5883979797
43806  65.567  -30.698  3.293 28.8387298584
43807  65.023  -35.040  12.363 29.6488037109
43808  65.096  -34.726  11.912 29.4591064453
43809  64.977  -35.178  11.870 29.2598247528
43810  57.966  -35.824  6.468 28.7500553131
43811  58.540  -35.451  6.298 29.6926364899
43812  57.890  -35.448  6.169 28.7146911621
43813  57.802  -35.083  5.896 28.6627998352
43814  57.244  -35.517  6.074 27.8326244354
43815  56.521  -35.494  6.019 27.2990245819
43816  56.695  -35.830  6.240 27.4559230804
46188  52.906  -31.634  9.901 28.6808910370
46189  51.860  -32.026  10.348 27.3517341614
46190  52.103  -31.582  9.930 27.6871681213
46192  52.273  -31.146  9.559 27.9485073090
46193  52.474  -30.678  9.188 28.0642986298
46194  53.283  -30.742  9.145 29.0428962708
46195  60.112  -28.484  6.804 30.8880805969
46196  59.399  -28.314  6.783 31.4728221893
46197  60.344  -27.913  6.496 30.6406593323
46198  60.572  -27.323  6.241 30.6181945801
46199  61.278  -27.566  6.249 29.6026973724
46200  62.128  -27.199  6.077 28.3835449219
46201  61.842  -27.814  6.286 28.7889423370
46207  62.560  -38.022  12.624 28.3108329773
46208  62.505  -37.662  12.144 29.4457683563
46209  62.067  -37.862  12.265 28.7726631165
46210  58.756  -37.901  10.433 29.8395309448
46211  59.205  -37.690  10.190 30.6237983704
46212  58.721  -37.794  9.937 30.5082397461
46213  58.672  -37.692  9.439 30.7140655518
46214  58.224  -37.857  9.688 30.2950859070
46215  57.626  -37.849  9.425 30.0637664795
46216  57.751  -38.022  9.979 29.8851757050
46218  54.985  -39.174  12.057 26.8951015472
47995  56.725  -34.581  14.596 32.7265090942
47996  55.971  -34.629  14.482 32.0180892944
47997  56.906  -34.315  14.095 32.8794670105
47998  57.104  -33.991  13.506 33.0886878967
47999  57.885  -33.932  13.656 33.5356330872
48000  58.726  -33.614  13.358 34.0348548889
48001  58.524  -33.889  13.875 33.9794921875
48002  61.817  -34.477  15.110 35.6438789368
48003  62.035  -34.150  14.822 35.5810852051
48004  62.502  -34.412  14.840 35.5987014771
48005  63.220  -34.393  14.575 34.6739845276
48006  62.978  -34.700  14.916 35.1285247803
48007  60.104  -36.665  18.341 30.5369453430
48008  60.323  -36.453  17.885 31.6262493134
48009  60.783  -36.594  18.006 30.8379154205
48010  64.168  -37.189  16.180 27.8821449280
48011  64.122  -36.802  16.152 29.3404979706
48012  64.353  -37.016  15.765 28.9394836426
48013  64.489  -36.838  15.351 29.6138267517
48014  64.477  -37.301  15.355 28.4865932465
48015  64.505  -37.586  14.930 27.9598770142
48016  64.402  -37.787  15.355 26.9467239380
52665  53.854  -27.549  7.543 30.9203796387
52666  52.979  -27.557  7.476 30.2645511627
52667  54.019  -27.049  7.409 31.8602218628
52668  56.403  -23.639  6.276 32.9672355652
52669  55.409  -24.078  6.395 31.6909732819
52670  55.634  -23.677  6.105 30.8302764893
52671  54.901  -23.725  5.903 28.6482791901
52672  55.889  -23.284  5.803 29.4295082092
52673  56.168  -22.859  5.470 28.1435585022
52674  56.938  -22.834  5.677 29.9623928070
52691  65.520  -26.640  1.470 26.9972362518
52692  64.868  -26.643  1.268 27.0874233246
52697  60.687  -30.369  1.806 28.2685508728
52698  60.431  -30.035  1.556 27.5917720795
52699  59.863  -30.466  1.702 27.4811592102
52701  59.305  -30.866  1.862 27.2322902679
52702  63.299  -32.154  11.904 31.1122131348
52703  63.439  -31.792  11.432 30.3112411499
52704  63.915  -31.990  11.657 29.7785091400
52705  65.928  -32.768  8.827 29.7585773468
52706  66.032  -32.280  8.867 28.8640365601
52707  66.015  -32.451  8.300 29.3648509979
52708  66.113  -32.165  7.773 29.0181427002
52709  65.878  -32.602  7.743 29.9597110748
52710  62.669  -35.995  8.935 32.5640144348
52711  63.231  -35.721  8.867 32.4957199097
52712  62.756  -35.815  8.384 33.0443801880
52713  62.072  -33.573  5.386 34.1676101685
52714  62.791  -33.746  5.631 34.1954040527
52715  62.692  -33.290  5.221 34.0497169495
52716  63.293  -32.996  5.055 34.1510200500
52717  62.616  -32.861  4.825 33.8201484680
52718  62.523  -32.494  4.406 33.7283134460
52719  61.881  -32.726  4.635 33.3658561707
52720  56.504  -33.133  4.068 27.0730648041
52721  57.074  -32.835  3.835 27.5541229248
52732  53.764  -37.775  8.273 28.1889286041
52733  53.640  -37.605  7.793 27.0365619659
52734  53.160  -37.784  8.164 27.2598209381
55785  54.429  -33.390  11.996 30.7431945801
55786  53.646  -33.367  11.888 29.7891292572
55787  54.610  -32.994  11.477 31.0392704010
55788  56.095  -31.892  10.062 32.3877143860
55789  55.090  -32.240  10.450 31.6088085175
55790  55.296  -31.847  9.962 31.7330989838
55791  54.488  -31.803  9.912 30.7158756256
55792  55.562  -31.396  9.502 31.8463611603
55793  55.829  -30.963  9.044 31.8392314911
55794  56.516  -31.036  9.116 32.6451797485
55795  59.127  -30.419  8.494 32.9264869690
55796  58.471  -30.327  8.372 32.8201599121
55797  59.381  -29.965  8.042 32.5740623474
55798  59.655  -29.467  7.570 31.9532756805
55799  60.266  -29.665  7.731 31.8830375671
55800  61.071  -29.386  7.401 30.5852355957
55801  60.890  -29.776  7.857 31.2576599121
55802  61.767  -30.416  8.797 30.9990959167
55803  61.970  -30.050  8.283 30.2101020813
55804  62.533  -30.183  8.549 29.7162590027
55805  63.269  -29.926  8.292 28.5162601471
55806  63.081  -30.292  8.787 29.1514797211
55813  58.782  -38.210  11.466 27.6398735046
55815  57.877  -38.542  11.538 27.1623001099
57594  53.544  -36.353  17.547 27.6230373383
57595  56.162  -35.606  16.701 32.8603973389
57596  55.437  -35.657  16.559 31.3406925201
57597  56.301  -35.347  16.159 32.7047882080
57598  56.419  -35.105  15.650 32.6250267029
57599  57.150  -35.064  15.744 33.7314682007
57600  57.887  -34.747  15.431 34.4274482727
57601  57.752  -35.005  15.911 34.6358528137
57602  58.977  -35.260  16.551 36.0508270264
57603  59.081  -34.955  16.160 36.3094444275
57604  59.683  -35.000  16.207 35.9173393250
57605  60.375  -34.786  15.814 35.7850456238
57606  60.265  -35.112  16.172 35.4888076782
62265  57.936  -25.733  6.812 35.3842811584
62266  57.140  -25.676  7.014 36.0080947876
62267  58.165  -25.234  6.753 35.6914100647
62268  59.597  -23.917  6.327 35.9581604004
62269  58.574  -24.279  6.582 36.2049942017
62270  58.765  -23.777  6.429 36.1117668152
62271  57.938  -23.679  6.455 35.3191833496
62272  58.983  -23.308  6.218 35.6166267395
62273  59.197  -22.857  5.977 33.9927825928
62274  60.053  -22.969  5.948 34.6504707336
62275  62.838  -22.522  5.604 30.9935150146
62276  62.062  -22.310  5.636 31.3326644897
62277  63.121  -22.078  5.467 29.5111961365
62278  63.323  -21.557  5.297 27.7883090973
62279  63.990  -21.829  5.232 27.4526042938
62290  66.024  -29.048  2.400 27.2353801727
62292  65.935  -28.596  2.110 27.3050308228
62293  65.773  -28.107  1.869 27.2360496521
62294  65.343  -28.578  1.814 28.2994441986
62295  64.652  -28.579  1.582 28.4545154572
62296  64.882  -29.056  1.845 28.2524700165
62297  64.127  -30.353  2.280 29.9083023071
62298  63.920  -29.951  1.974 29.3452377319
62299  63.308  -30.313  2.077 29.9172744751
62300  62.442  -30.254  1.997 29.4280738831
62301  62.722  -30.651  2.304 30.0435581207
62302  64.762  -33.300  12.459 30.5986785889
62303  64.929  -32.989  11.972 30.2523956299
62304  65.068  -33.404  11.973 30.1000347137
62305  65.411  -34.152  10.954 29.4335899353
62306  65.472  -33.671  10.937 29.4517307281
62307  65.550  -33.816  10.437 29.2514591217
62308  65.713  -33.493  9.929 29.6934986115
62309  65.544  -33.945  9.869 29.4964408875
62310  60.647  -36.172  7.452 32.6384162903
62311  61.230  -35.907  7.294 33.0641288757
62312  60.590  -35.805  6.987 32.5673828125
62313  59.625  -34.827  6.053 31.3009147644
62314  60.345  -34.929  6.261 32.3344154358
62315  60.183  -34.504  5.955 32.1412582397
62316  60.777  -34.175  5.774 33.1390457153
62317  60.127  -34.065  5.640 32.0926818848
62318  60.036  -33.668  5.301 32.1137542725
62319  59.431  -34.037  5.474 30.9345474243
62320  57.409  -34.402  5.427 28.1945819855
62321  57.955  -34.016  5.240 28.7255916595
62322  57.210  -34.015  5.138 27.9869422913
62323  57.037  -33.638  4.812 27.7635326385
62324  56.488  -33.995  5.083 27.1668434143
62332  51.966  -38.371  9.963 27.4071254730
62333  51.807  -38.192  9.428 27.4546947479
62334  51.328  -38.389  9.886 26.9513969421
64797  54.965  -37.421  20.134 28.0874500275
64798  55.152  -37.220  19.597 29.7085800171
64799  55.862  -37.218  19.537 30.1440181732
64800  56.655  -36.984  19.074 32.2112731934
64801  56.440  -37.187  19.608 30.5747756958
64802  57.413  -37.405  20.180 28.1131267548
64803  57.584  -37.168  19.709 29.6227054596
64804  58.172  -37.153  19.719 29.1038684845
64805  58.800  -36.980  19.240 29.9025363922
64806  58.623  -37.209  19.753 28.2696933746
69443  52.067  -33.373  11.789 27.4629592896
69460  52.906  -29.731  8.481 28.4284515381
69461  52.056  -29.679  8.463 27.6922607422
69462  53.155  -29.245  8.204 28.9966850281
69463  53.432  -28.657  7.919 29.5603504181
69464  54.224  -28.783  7.933 30.2295627594
69465  56.260  -30.021  8.217 31.8561344147
69466  55.411  -29.948  8.299 31.1550865173
69467  56.457  -29.526  7.875 31.7540245056
69468  57.874  -28.008  6.936 31.9993438721
69469  56.846  -28.454  7.290 31.8618850708
69470  57.111  -27.898  7.109 32.1802101135
69471  56.307  -27.804  7.316 32.0530853271
69472  57.334  -27.349  6.969 32.8339805603
69473  57.521  -26.795  6.874 33.5871772766
69474  58.342  -26.852  6.613 33.2378997803
69475  61.027  -26.186  5.949 31.0671863556
69476  60.303  -25.978  6.070 32.3606796265
69477  61.301  -25.639  5.852 31.3139324188
69478  61.540  -25.119  5.799 31.7117462158
69479  62.326  -25.304  5.675 30.0150356293
69480  63.179  -24.975  5.485 28.4356098175
69481  62.918  -25.494  5.629 28.0638408661
69487  62.658  -28.757  6.874 27.8940029144
69488  62.943  -28.221  6.485 27.1501197815
69502  64.170  -36.813  12.372 28.8600673676
69503  64.194  -36.456  11.866 29.0046005249
69504  63.822  -36.819  11.905 29.3423652649
69505  62.437  -37.028  11.166 30.9920291901
69506  62.980  -36.779  11.023 30.6313934326
69507  62.497  -36.710  10.648 31.4518909454
69508  62.566  -36.397  10.112 31.7564926147
69509  62.010  -36.649  10.254 32.1057853699
69510  60.631  -37.799  11.644 28.7358398438
69511  61.059  -37.613  11.549 29.4095706940
69512  60.572  -37.535  11.195 29.7443408966
69513  60.061  -37.207  9.837 31.4461250305
69514  60.491  -37.102  10.132 31.4699630737
69515  60.545  -36.974  9.641 31.7935962677
69516  61.069  -36.727  9.426 32.2225112915
69517  60.653  -36.841  9.063 32.1782760620
69518  60.680  -36.671  8.509 32.6525726318
69519  60.177  -36.905  8.737 32.0725212097
69520  58.483  -37.226  8.266 31.1975822449
69521  59.034  -36.966  8.039 31.6968574524
69522  58.367  -36.941  7.708 31.0240230560
69523  58.260  -36.573  7.198 30.1762676239
69524  57.705  -36.882  7.408 30.2050323486
69525  57.065  -36.826  7.219 29.3744716644
69526  57.171  -37.143  7.696 30.2363147736
69527  56.304  -37.776  8.945 29.8483676910
69528  56.150  -37.585  8.385 30.0016860962
69529  55.675  -37.764  8.733 29.7365379333
69530  55.062  -37.762  8.565 29.6052284241
69531  55.246  -37.948  9.090 29.4970340729
69532  56.916  -38.568  11.138 28.0607852936
69533  56.790  -38.362  10.621 29.0283088684
69534  56.332  -38.535  10.984 28.4311351776
69535  54.661  -38.622  10.981 28.3630561829
69536  55.140  -38.462  10.598 29.0310897827
69537  54.549  -38.426  10.412 28.7680149078
69538  54.328  -38.262  9.856 28.8502826691
69539  53.866  -38.411  10.246 28.4862041473
69540  53.224  -38.384  10.124 28.1879081726
69541  53.387  -38.585  10.678 28.1087837219
69542  52.589  -39.316  12.000 26.9713115692
69543  52.426  -39.021  11.488 27.2200927734
74867  53.258  -35.615  15.779 27.0615062714
74868  54.463  -34.681  14.264 29.8416690826
74869  53.555  -34.998  14.686 28.1709747314
74870  53.652  -34.715  14.165 28.7041549683
74871  52.878  -34.784  14.067 27.4385547638
74872  53.804  -34.416  13.633 29.2402420044
74873  54.060  -34.065  13.068 29.7726135254
74874  54.812  -34.024  13.147 30.8524894714
74875  57.526  -33.318  12.523 33.6306800842
74876  56.771  -33.337  12.391 33.0340423584
74877  57.744  -32.978  12.052 33.5567169189
74878  57.957  -32.645  11.522 33.5606040955
74879  58.745  -32.621  11.695 33.9156379700
74880  59.526  -32.360  11.417 33.7953453064
74881  59.329  -32.669  11.908 33.8172149658
74882  60.338  -33.036  12.823 34.5363807678
74883  60.494  -32.744  12.322 33.9597053528
74884  61.141  -32.763  12.564 33.9979324341
74885  61.881  -32.508  12.358 33.2446746826
74886  61.682  -32.829  12.857 34.1776580811
74887  59.522  -34.102  14.834 35.6594963074
74888  59.713  -33.813  14.370 35.2206459045
74889  60.333  -33.797  14.564 35.8981552124
74890  62.435  -33.598  14.132 34.4106292725
74891  61.919  -33.437  14.014 35.0962600708
74892  62.605  -33.347  13.712 34.1467170715
74893  62.821  -33.024  13.281 34.1142807007
74894  63.287  -33.330  13.394 33.1503639221
74895  63.860  -33.286  13.108 32.1083602905
74896  63.729  -33.548  13.488 32.4034500122
74897  64.327  -34.438  14.019 32.4863166809
74898  64.441  -34.126  13.635 31.6781730652
74899  64.664  -34.524  13.713 31.5564079285
74900  64.864  -34.656  13.319 30.7888755798
74901  64.789  -34.950  13.708 31.1740131378
74902  58.326  -36.401  18.183 33.4055061340
74903  58.531  -36.137  17.683 34.4717140198
74904  59.047  -36.181  17.741 33.8180923462
74905  60.747  -35.981  17.028 33.2084732056
74906  60.351  -35.779  16.961 34.0007514954
74907  61.003  -35.723  16.602 33.8802528381
74908  61.240  -35.472  16.181 34.6003036499
74909  61.661  -35.642  16.273 33.7376556396
74910  62.503  -36.782  17.574 29.6728973389
74911  62.088  -36.561  17.425 31.0894184113
74912  62.714  -36.578  17.147 30.7489700317
74913  63.765  -36.040  15.981 31.6137828827
74914  63.225  -36.043  16.268 31.9423370361
74915  63.443  -35.811  15.837 32.1211624146
74916  63.055  -35.556  15.715 32.8159828186
74917  63.630  -35.552  15.468 32.2051353455
74918  63.793  -35.313  15.074 32.5245895386
74919  64.084  -35.665  15.143 31.5500793457
74920  64.713  -36.400  14.468 29.3134994507
74921  64.668  -35.976  14.432 30.0723686218
74922  64.760  -36.168  14.053 29.2488765717
74923  64.831  -35.909  13.648 29.6080474854
74924  64.770  -36.369  13.656 28.3147125244
74925  64.645  -36.564  13.244 28.1476039886
74926  64.643  -36.852  13.654 28.4137649536
74927  64.145  -37.960  14.174 27.1437053680
74928  64.171  -37.739  13.693 28.0079288483
74929  63.872  -38.129  13.734 27.0181903839
74930  63.519  -38.201  13.316 27.2120761871
88878  51.401  -27.639  7.309 28.2645568848
88879  50.430  -28.214  7.428 27.1663951874
88880  50.677  -27.700  7.189 27.6036109924
88881  49.995  -27.740  7.059 27.2186660767
88882  50.876  -27.199  7.011 27.9625244141
88883  55.496  -25.538  7.097 34.9876785278
88884  54.469  -26.053  7.176 33.4663162231
88885  54.674  -25.541  7.034 33.9246139526
88886  53.417  -25.113  6.568 29.4366245270
88887  53.159  -25.594  6.784 30.2337970734
88888  52.430  -25.672  6.591 28.7239055634
88889  51.435  -26.197  6.588 28.1772975922
88890  51.769  -25.735  6.365 27.5665760040
88892  52.095  -25.235  6.091 26.9454479218
88905  59.822  -21.994  5.538 30.5318050385
88906  59.085  -21.986  5.435 29.7696514130
88907  60.093  -21.585  5.334 28.8666629791
88972  63.012  -28.596  1.381 27.7639808655
88974  62.091  -28.672  1.338 27.2436084747
88987  60.976  -31.861  10.887 32.8615798950
88988  61.189  -31.513  10.361 32.4239120483
88989  61.727  -31.589  10.604 31.9714183807
88990  63.800  -31.115  10.421 29.5743198395
88991  63.222  -31.042  10.154 29.8163204193
88992  63.954  -30.791  9.915 28.9310035706
88993  64.117  -30.490  9.397 28.2811565399
88994  64.657  -30.636  9.615 28.4243221283
88995  65.232  -32.317  11.049 29.0448398590
88996  64.952  -31.907  10.976 28.6775989532
88997  65.351  -31.940  10.533 28.6298599243
88998  66.036  -31.381  8.957 28.0909347534
88999  65.737  -31.205  9.485 28.0367183685
89000  65.905  -30.968  8.940 28.1166915894
89001  65.667  -30.590  8.874 27.9206657410
89002  66.061  -30.632  8.331 27.8011646271
89003  66.093  -30.359  7.755 27.3000984192
89004  66.234  -30.782  7.773 27.7530364990
89005  66.196  -31.635  6.629 28.7051448822
89006  66.315  -31.171  6.593 28.2493877411
89007  66.207  -31.360  6.005 28.6262264252
89008  66.242  -31.009  5.378 28.3778533936
89009  66.009  -31.506  5.399 29.1109733582
89010  64.381  -35.811  10.805 29.4244289398
89011  64.713  -35.443  10.829 29.7391471863
89012  64.434  -35.550  10.330 30.2462577820
89013  64.136  -34.970  8.837 31.9472846985
89014  64.556  -34.956  9.323 31.0620079041
89015  64.616  -34.634  8.806 31.4887809753
89016  65.092  -34.243  8.784 31.1145877838
89017  64.704  -34.276  8.243 32.0376243591
89018  62.330  -35.311  7.012 34.0840263367
89019  62.844  -35.319  7.326 34.0720100403
89020  62.842  -35.011  6.894 35.0639419556
89021  63.908  -33.953  6.261 33.8479270935
89022  63.916  -34.294  6.733 33.7969856262
89023  64.456  -33.847  6.654 33.4786033630
89024  64.896  -33.680  7.218 32.8806266785
89025  64.992  -33.376  6.652 32.6344337463
89026  65.354  -32.985  6.671 31.4682941437
89027  64.979  -33.140  6.085 32.3619422913
89028  64.401  -32.391  4.687 32.0437698364
89029  64.916  -32.459  5.072 31.3665676117
89030  64.883  -32.074  4.554 31.1150932312
89031  65.312  -31.743  4.432 30.3972892761
89032  64.798  -31.738  4.090 30.8643474579
89033  64.665  -31.394  3.608 30.5822505951
89034  64.143  -31.702  3.783 31.2354011536
89035  62.106  -31.912  3.563 32.7104187012
89036  62.679  -31.628  3.340 31.7037391663
89037  61.852  -31.625  3.160 31.7323055267
89038  61.571  -31.333  2.758 30.7341804504
89039  60.976  -31.628  3.018 30.6545600891
89040  59.739  -32.967  4.586 31.6586093903
89041  60.343  -32.666  4.330 32.1127357483
89042  59.526  -32.652  4.225 31.1935291290
89043  58.211  -32.334  3.283 28.1142082214
89044  59.030  -32.253  3.446 29.3419380188
89045  58.761  -32.045  3.019 28.2586002350
89046  59.318  -31.736  2.796 28.3440895081
89047  58.472  -31.859  2.666 27.1625785828
89077  55.766  -36.784  6.986 27.7012958527
89078  55.636  -36.481  6.670 26.9250450134
93375  56.385  -32.651  11.257 32.9165687561
93376  55.636  -32.634  11.120 32.1553764343
93377  56.617  -32.277  10.718 33.0670318604
93378  56.856  -31.916  10.165 32.9883880615
93379  57.102  -31.521  9.684 32.9986419678
93380  57.285  -31.107  9.215 33.0165481567
93381  58.012  -31.160  9.336 33.4664955139
93382  58.927  -30.801  8.980 33.3672676086
93383  59.827  -30.471  8.672 32.6266212463
93384  60.690  -30.150  8.325 31.7272033691
93385  60.411  -30.566  8.859 32.2872848511
93386  60.989  -30.680  9.060 32.0829734802
93387  61.561  -30.765  9.306 31.6782188416
94457  54.025  -36.989  19.123 27.9756641388
94458  54.111  -36.756  18.596 28.5264968872
94459  54.174  -36.515  18.126 29.0636806488
94460  54.282  -36.270  17.607 29.4963760376
94461  55.066  -36.219  17.645 31.3723831177
94462  56.008  -35.895  17.167 33.0348625183
94463  56.906  -35.558  16.729 34.0522956848
94464  57.649  -35.273  16.384 34.7978553772
94465  57.543  -35.519  16.798 34.8518638611
94466  58.200  -35.487  16.861 35.6120071411
94467  58.872  -35.544  16.947 35.6115760803
97263  60.033  -24.882  6.226 34.8869361877
97264  59.200  -24.833  6.495 35.4040565491
97265  60.273  -24.456  6.206 35.2287063599
97266  60.420  -24.015  6.160 35.5384445190
97267  60.614  -23.566  6.075 35.1604080200
97268  60.831  -23.140  5.956 34.1710319519
97269  61.680  -23.303  5.879 33.5591430664
97270  62.652  -23.010  5.678 31.8465614319
97271  63.597  -22.779  5.486 29.6196517944
97272  64.366  -22.501  5.199 27.2511692047
97273  64.130  -22.914  5.218 27.9844074249
97279  66.096  -29.457  2.746 27.1249046326
97280  65.652  -29.503  2.373 27.6775951385
97281  65.099  -29.507  2.113 28.1815109253
97282  65.260  -29.945  2.420 28.2976779938
97283  64.814  -30.394  2.539 29.2735080719
97284  64.340  -30.709  2.700 30.3970642090
97285  65.006  -34.072  12.419 29.5085430145
97286  65.134  -33.823  11.948 29.6761951447
97287  65.158  -34.260  11.973 29.5148105621
97288  65.226  -34.455  11.439 29.5905056000
97289  65.217  -34.599  10.941 29.7540092468
97290  59.291  -35.925  6.836 30.9528465271
97291  59.906  -35.666  6.734 31.7184810638
97292  59.197  -35.540  6.504 30.7552719116
97293  59.092  -35.146  6.158 30.5793838501
97294  58.994  -34.761  5.866 30.2496318817
97295  58.867  -34.388  5.619 29.8543052673
97296  58.334  -34.730  5.748 29.3239402771
97297  57.617  -34.766  5.673 28.4884548187
97298  56.873  -34.777  5.607 27.7268810272
97299  56.144  -34.742  5.542 27.0164260864
97300  56.332  -35.135  5.784 27.1042537689
98783  55.451  -37.647  20.574 27.1074314117
98784  56.222  -37.423  20.096 29.0545387268
98785  56.043  -37.654  20.602 27.5039997101
98786  56.658  -37.623  20.639 27.0919837952
101570  52.392  -32.538  10.826 28.1277866364
101572  51.595  -32.490  10.814 27.0366058350
101580  51.731  -30.616  9.152 27.2720813751
101581  52.711  -30.206  8.815 28.1798992157
101582  53.833  -29.782  8.444 29.2473068237
101583  58.169  -29.231  7.476 32.3808975220
101584  57.443  -29.107  7.477 32.0118598938
101585  58.407  -28.716  7.114 31.9693527222
101586  58.644  -28.144  6.821 31.7707614899
101587  58.894  -27.560  6.566 32.0101509094
101588  59.132  -26.973  6.402 32.4323425293
101589  59.868  -27.134  6.280 31.6323585510
101590  60.795  -26.755  6.055 30.7787170410
101591  61.768  -26.390  5.892 29.4894294739
101592  62.634  -26.012  5.742 27.9557838440
101593  62.394  -26.598  5.893 28.1384563446
101594  62.946  -26.866  5.939 27.0323200226
101596  63.656  -29.138  7.359 27.0070915222
101605  63.452  -37.484  12.424 29.1568908691
101606  63.443  -37.147  11.952 29.5848541260
101607  63.006  -37.459  12.006 29.7475204468
101608  62.458  -37.333  11.646 30.3274765015
101609  61.949  -37.213  11.289 30.6127433777
101610  59.685  -37.783  10.984 29.3349571228
101611  60.114  -37.521  10.839 30.1119937897
101612  59.678  -37.565  10.485 30.3781490326
101613  59.630  -37.435  10.006 31.0999088287
101614  59.628  -37.335  9.513 31.3351306915
101615  59.656  -37.170  8.959 31.5920391083
101616  59.139  -37.448  9.192 31.1455230713
101617  58.617  -37.478  8.859 30.9381961823
101618  57.983  -37.458  8.547 30.7191238403
101619  57.326  -37.408  8.266 30.4896507263
101620  57.475  -37.652  8.864 30.2604484558
101621  56.975  -37.819  9.186 29.9432334900
101622  56.501  -37.980  9.527 29.7141742706
101623  56.053  -38.954  11.826 26.9834899902
101624  55.873  -38.708  11.355 27.8695201874
101625  55.447  -38.911  11.713 27.3299827576
101626  54.825  -38.872  11.533 27.6074485779
101627  54.212  -38.823  11.357 27.7862014771
101628  53.547  -38.809  11.222 27.8486862183
101629  53.735  -39.043  11.746 27.3076782227
101630  53.225  -39.340  12.124 26.9663791656
104823  54.932  -35.227  15.426 30.2754020691
104824  54.192  -35.255  15.303 28.9141082764
104825  55.056  -34.957  14.881 30.5855674744
104826  55.223  -34.654  14.364 30.9294395447
104827  55.380  -34.355  13.847 31.2605190277
104828  55.576  -34.022  13.308 31.6283245087
104829  56.345  -34.000  13.409 32.4363670349
104830  57.319  -33.654  13.001 33.3617630005
104831  58.309  -33.281  12.627 33.9138221741
104832  59.105  -32.991  12.360 34.0241050720
104833  58.926  -33.305  12.835 34.1494903564
104834  59.525  -33.329  13.092 34.4101982117
104835  60.107  -33.330  13.379 34.7051506042
104836  60.778  -34.112  15.107 36.3230667114
104837  60.966  -33.821  14.711 36.1007995605
104838  61.581  -33.944  14.856 35.7542953491
104839  62.270  -33.893  14.509 34.8940620422
104840  62.903  -33.851  14.189 33.9403762817
104841  63.545  -33.820  13.865 32.9455986023
104842  63.386  -34.100  14.240 33.6984176636
104843  63.853  -34.386  14.289 33.6414718628
104844  64.172  -34.777  14.353 33.0064392090
104845  59.269  -36.491  18.251 32.1270294189
104846  59.472  -36.253  17.818 33.1867218018
104847  59.882  -36.338  17.819 32.4248809814
104848  60.502  -36.237  17.449 32.5944557190
104849  61.169  -36.184  17.125 32.4569015503
104850  63.536  -36.846  16.965 28.6758537292
104851  63.302  -36.549  16.858 30.2187213898
104852  63.772  -36.620  16.522 29.7505111694
104853  64.012  -36.403  16.098 30.7851696014
104854  64.149  -36.232  15.658 30.9417629242
104855  64.311  -36.005  15.201 30.7910022736
104856  64.447  -36.423  15.311 30.2529850006
104857  64.627  -36.609  14.910 29.6297702789
104858  64.657  -36.846  14.513 29.1243000031
104859  64.611  -37.079  14.088 28.7271461487
104860  64.549  -37.319  14.540 28.5884952545
104861  64.393  -37.809  14.526 27.4928989410
113229  51.784  -28.605  7.778 28.2295627594
113230  50.995  -28.642  7.723 27.5241718292
113231  51.975  -28.102  7.581 28.6509761810
113232  52.165  -27.582  7.414 29.2482833862
113233  52.372  -27.116  7.260 29.7317085266
113234  55.933  -24.548  6.782 34.5280189514
113235  54.896  -25.027  6.886 33.2514228821
113236  55.136  -24.544  6.694 32.4893188477
113237  54.378  -24.590  6.522 30.5160484314
113238  53.672  -24.648  6.300 28.5878200531
113239  53.008  -24.705  6.044 27.4198207855
113240  53.987  -24.178  5.982 27.8560199738
113241  54.241  -23.742  5.636 27.0732364655
113245  56.497  -22.441  5.125 26.9873199463
113246  57.513  -22.005  5.057 27.1677856445
113247  61.830  -21.210  5.284 28.0482654572
113248  61.084  -21.158  5.239 27.6885433197
113277  65.782  -26.133  1.526 27.6556987762
113278  65.417  -25.702  1.263 27.0852775574
113287  61.848  -29.527  1.571 28.3031692505
113288  61.526  -29.165  1.407 27.5861663818
113289  60.953  -29.599  1.460 27.6525688171
113290  60.136  -29.702  1.407 26.9785518646
113296  62.140  -31.942  11.374 32.1112632751
113297  62.288  -31.640  10.861 31.6262569427
113298  62.885  -31.673  11.152 31.0033817291
113299  63.602  -31.469  10.917 30.0434341431
113300  64.234  -31.302  10.640 29.2523174286
113301  65.789  -32.510  9.957 29.2442779541
113302  65.709  -32.010  10.038 28.6312599182
113303  65.967  -32.127  9.442 28.6817855835
113304  66.106  -31.814  8.915 28.0656147003
113305  66.188  -31.532  8.364 28.1996593475
113306  66.282  -31.249  7.796 28.1744918823
113307  66.245  -31.687  7.757 28.3781394958
113308  66.168  -31.866  7.226 28.6455116272
113309  65.997  -32.057  6.671 29.2809810638
113310  63.593  -35.936  9.854 31.0767631531
113311  64.065  -35.615  9.819 30.9232711792
113312  63.634  -35.633  9.354 31.7389945984
113313  63.716  -35.329  8.839 32.4745979309
113314  63.753  -35.050  8.292 32.8537368774
113315  62.235  -34.568  6.185 34.7800331116
113316  62.832  -34.658  6.483 34.6615486145
113317  62.807  -34.251  6.066 34.2792205811
113318  63.354  -33.913  5.928 34.0860023499
113319  63.890  -33.580  5.786 34.2090263367
113320  64.468  -33.208  5.644 33.2336807251
113321  63.892  -33.150  5.313 33.9346046448
113322  63.860  -32.717  4.822 33.2083053589
113323  63.752  -32.314  4.430 32.7195663452
113324  63.609  -31.978  3.977 32.2462501526
113325  63.091  -32.226  4.232 33.4127120972
113326  62.355  -32.173  3.990 33.5819435120
113327  61.553  -32.156  3.817 32.5839576721
113328  58.160  -33.006  4.337 29.3568801880
113329  58.721  -32.724  4.089 30.0320339203
113330  57.929  -32.756  3.972 28.7956943512
113331  57.645  -32.598  3.561 27.8893604279
113332  57.385  -32.461  3.154 26.9087524414
113350  54.792  -37.315  7.561 27.7832183838
118035  52.507  -34.140  12.923 27.6175651550
118037  52.668  -33.761  12.356 28.3270530701
118038  52.841  -33.364  11.821 28.6282749176
118039  53.037  -32.967  11.316 28.9576702118
118040  54.890  -32.609  10.951 31.3824501038
118041  54.064  -32.595  10.867 30.4268741608
118042  53.176  -32.616  10.841 29.2882175446
118043  53.414  -32.173  10.365 29.4757003784
118044  53.698  -31.709  9.898 29.6917629242
118045  53.981  -31.264  9.440 29.9402885437
118046  54.154  -30.815  9.078 30.0272045135
118047  55.019  -30.899  9.044 30.9427585602
118048  56.047  -30.514  8.633 31.8192138672
118049  57.028  -30.152  8.267 32.5669517517
118050  57.504  -30.683  8.757 32.8549423218
118051  57.791  -30.253  8.330 32.8436737061
118052  57.952  -29.727  7.884 32.7878074646
118053  58.910  -29.356  7.521 32.1482353210
118054  59.880  -28.993  7.160 31.3670444489
118055  60.795  -28.699  6.844 30.4575119019
118056  61.602  -28.372  6.581 29.4150562286
118057  61.339  -28.925  6.951 29.9726600647
118058  61.884  -29.077  7.111 29.2497615814
118059  62.404  -29.239  7.317 28.6523742676
118060  61.460  -29.898  8.034 30.6960639954
118061  62.187  -29.664  7.764 29.4408073425
118062  62.912  -29.418  7.555 28.0929336548
118063  63.458  -29.532  7.805 27.8832626343
118064  63.988  -29.661  8.057 27.5466632843
118065  64.492  -29.822  8.306 27.0670070648
118067  61.663  -38.051  12.366 28.0131778717
118068  61.222  -38.231  12.487 27.1859207153
118069  60.733  -38.125  12.134 27.6408424377
118070  60.233  -38.023  11.777 27.9458026886
118072  59.774  -38.276  11.981 27.0584526062
118073  59.723  -38.006  11.466 28.2386016846
118074  59.233  -37.993  11.196 28.5117549896
118075  58.745  -38.018  10.908 28.7669258118
118076  58.275  -38.115  10.707 29.0043029785
118077  57.792  -38.147  10.494 29.2402153015
118078  57.833  -38.350  11.026 28.1934814453
118079  57.424  -38.546  11.319 27.6360168457
118080  57.001  -38.761  11.640 27.0954895020
120569  53.856  -35.858  16.396 28.2079429626
120570  54.501  -36.008  17.047 29.6523189545
120571  54.636  -35.771  16.481 29.8135013580
120572  54.776  -35.508  15.942 29.9831275940
120573  55.666  -35.174  15.549 31.4990901947
120574  56.580  -34.843  15.117 32.6430091858
120575  57.486  -34.503  14.717 33.4314346313
120576  58.311  -34.175  14.385 33.9960937500
120577  58.064  -34.470  14.934 34.2043266296
120578  58.697  -34.418  15.115 35.0805435181
120579  59.358  -34.345  15.255 35.9218673706
120580  58.421  -34.965  16.052 35.4888801575
120581  59.233  -34.630  15.719 36.1293334961
120582  60.001  -34.318  15.369 36.4475250244
120583  60.560  -34.430  15.461 36.0654602051
120584  61.108  -34.614  15.442 35.7005195618
120585  61.624  -34.828  15.465 35.3510437012
120586  61.046  -36.966  18.627 28.6790752411
120587  61.260  -36.775  18.164 30.0523834229
120588  61.671  -36.978  18.326 28.4478244781
120589  62.281  -36.959  18.000 28.2186908722
120590  62.834  -36.955  17.700 27.9959983826
120593  63.324  -37.009  17.403 27.5722637177
120594  63.683  -37.158  17.013 27.1590118408
127107  55.876  -26.631  7.287 33.8337631226
127108  55.063  -26.577  7.329 33.2914848328
127109  56.119  -26.114  7.185 34.7011528015
127110  56.302  -25.599  7.095 35.5197067261
127111  56.523  -25.101  6.959 35.4287071228
127112  58.393  -24.732  6.669 35.9634246826
127113  57.586  -24.684  6.780 35.8160209656
127114  56.770  -24.615  6.793 35.1778755188
127115  56.912  -24.090  6.621 34.8819427490
127116  57.159  -23.645  6.407 34.5304145813
127117  57.387  -23.210  6.157 33.6214599609
127118  57.675  -22.827  5.867 31.9731597900
127119  58.380  -22.833  5.978 33.0648460388
127120  59.470  -22.411  5.757 32.2931900024
127121  60.547  -22.043  5.582 31.2477874756
127122  61.054  -22.639  5.786 32.9768447876
127123  61.341  -22.145  5.591 31.5133895874
127124  61.618  -21.654  5.435 29.8083724976
127125  62.598  -21.334  5.290 27.9782371521
127147  65.484  -27.625  1.632 26.9040527344
127148  64.787  -27.645  1.381 27.2919902802
127149  63.974  -27.682  1.280 27.2885169983
127150  64.343  -28.115  1.371 27.8360557556
127151  63.904  -28.583  1.422 28.1670303345
127152  63.384  -29.052  1.521 28.5657939911
127153  64.414  -29.518  1.906 28.6018276215
127154  63.662  -29.521  1.735 28.8950233459
127155  62.765  -29.496  1.630 28.9268341064
127156  62.122  -29.885  1.796 28.8478775024
127157  61.551  -30.297  1.933 28.8708286285
127158  60.979  -30.684  2.117 29.0100936890
127159  64.217  -32.612  12.297 31.0331344604
127160  64.337  -32.251  11.825 29.8802337646
127161  64.682  -32.567  11.913 30.1726036072
127162  65.069  -32.637  11.474 29.4704360962
127163  65.393  -32.778  10.984 29.1569995880
127164  65.328  -33.527  11.460 29.7301445007
127165  65.470  -33.222  10.948 29.3317623138
127166  65.646  -32.893  10.444 29.3421401978
127167  65.795  -33.008  9.926 29.6054725647
127168  65.843  -33.125  9.362 29.9581203461
127169  65.765  -33.253  8.809 30.4344654083
127170  61.749  -36.180  8.128 33.4551010132
127171  62.272  -35.906  7.954 33.2549133301
127172  61.801  -35.960  7.606 33.2642745972
127173  61.798  -35.616  7.142 33.3983993530
127174  61.719  -35.224  6.729 33.8844795227
127175  60.485  -35.368  6.605 32.5674705505
127176  61.042  -35.067  6.455 33.2577857971
127177  61.594  -34.796  6.292 33.9867210388
127178  61.506  -34.349  5.938 34.0750999451
127179  61.439  -33.867  5.567 34.2544708252
127180  61.309  -33.397  5.196 33.7643623352
127181  61.253  -33.002  4.851 33.2103843689
127182  60.637  -33.315  5.063 33.1405754089
127183  59.916  -33.300  4.942 31.9612216949
127184  59.175  -33.290  4.836 30.8153171539
127185  58.735  -34.021  5.333 29.7602481842
127186  58.532  -33.637  5.058 29.8224658966
127187  58.376  -33.303  4.696 29.6678295135
127188  57.598  -33.318  4.561 28.5343265533
127189  56.784  -33.359  4.450 27.4805755615
127201  52.932  -38.085  9.109 28.3500461578
127202  52.716  -37.937  8.604 27.4551677704
127203  52.283  -38.067  9.021 27.5714569092
130461  54.518  -37.213  19.645 28.4162845612
130462  55.368  -37.003  19.068 31.4187698364
130463  56.294  -36.693  18.538 32.6739616394
130464  57.088  -36.413  18.093 33.9449310303
130465  56.893  -36.707  18.556 33.1537475586
130466  57.478  -36.684  18.637 33.0172576904
130467  58.049  -36.675  18.700 32.3693466187
130468  57.020  -37.172  19.668 30.1695423126
130469  57.827  -36.923  19.194 31.2436981201
130470  58.597  -36.690  18.721 31.7537193298
130471  58.982  -36.763  18.728 31.0687637329
130472  59.415  -36.830  18.753 30.2718963623
130473  59.878  -36.901  18.837 29.4845600128
130480  59.094  -37.255  19.796 27.3918514252
130481  59.743  -37.096  19.349 28.2232112885
130482  60.400  -36.980  18.958 28.7086925507
130483  60.889  -37.149  19.082 27.3156948090
136369  51.327  -29.628  8.334 26.9917659760
136370  51.547  -29.134  8.020 27.6734580994
136371  52.561  -28.638  7.852 28.9125442505
136372  53.638  -28.117  7.687 30.0949382782
136373  54.661  -27.630  7.540 31.4765872955
136374  54.328  -30.344  8.727 30.1078109741
136375  54.618  -29.869  8.395 30.1777153015
136376  54.848  -29.354  8.104 30.4039821625
136377  56.643  -29.019  7.577 31.7290325165
136378  55.844  -28.935  7.710 31.2929286957
136379  55.065  -28.852  7.829 30.7496509552
136380  55.289  -28.303  7.611 31.2077484131
136381  55.498  -27.718  7.463 31.9514350891
136382  55.684  -27.168  7.360 32.9638481140
136383  56.678  -26.734  7.150 33.8421745300
136384  57.683  -26.245  6.837 34.4409217834
136385  58.695  -25.793  6.535 34.7224617004
136386  59.290  -26.361  6.294 33.0294647217
136387  59.512  -25.835  6.270 33.6914710999
136388  59.729  -25.371  6.258 34.2705078125
136389  60.763  -24.968  6.000 33.3367156982
136390  61.769  -24.660  5.807 32.2286911011
136391  62.747  -24.405  5.543 30.6178951263
136392  63.589  -24.114  5.302 28.7175807953
136393  63.356  -24.558  5.398 28.6969985962
136402  62.439  -27.967  6.332 27.9520778656
136419  66.243  -30.468  4.242 27.6444587708
136420  64.739  -35.954  12.332 29.0165271759
136421  64.788  -35.618  11.851 29.1983890533
136422  64.545  -36.029  11.841 28.7592678070
136423  64.262  -36.107  11.345 29.0391941071
136424  63.982  -36.165  10.857 29.6486015320
136425  63.394  -36.795  11.462 29.9246215820
136426  63.502  -36.496  10.921 30.1645717621
136427  63.563  -36.214  10.379 30.5367450714
136428  63.093  -36.179  9.961 31.3669052124
136429  62.617  -36.184  9.508 32.1102409363
136430  62.109  -36.230  9.072 32.7535629272
136431  61.575  -37.726  11.912 29.0847206116
136432  61.499  -37.409  11.421 30.0307750702
136433  61.427  -37.125  10.906 30.9180316925
136434  60.516  -37.296  10.650 30.7008075714
136435  60.966  -37.062  10.505 31.2574386597
136436  61.481  -36.830  10.398 31.7339820862
136437  61.516  -36.641  9.826 32.1997451782
136438  61.564  -36.448  9.260 32.7378082275
136439  61.662  -36.301  8.705 33.3135528564
136440  61.233  -36.412  8.339 33.3361129761
136441  60.695  -36.457  7.978 32.8864860535
136442  60.118  -36.473  7.622 32.1601524353
136443  59.659  -36.951  8.394 31.9051723480
136444  59.588  -36.705  7.828 31.8846969604
136445  59.452  -36.335  7.298 31.3216514587
136446  58.774  -36.250  7.033 30.3536472321
136447  58.092  -36.207  6.791 29.3443851471
136448  57.446  -36.166  6.634 28.5514869690
136449  56.819  -36.136  6.511 27.7667160034
136450  56.943  -36.488  6.832 28.5534000397
136451  56.432  -36.796  7.068 28.5472602844
136452  55.908  -37.104  7.347 28.5684852600
136453  56.643  -37.391  8.044 30.2952842712
136454  56.000  -37.370  7.843 29.5349254608
136455  55.403  -37.337  7.682 28.6938571930
136456  54.899  -37.562  8.044 28.9055633545
136457  54.416  -37.769  8.422 29.1751403809
136458  53.925  -37.920  8.743 29.0228595734
136459  57.252  -38.186  10.295 29.6422805786
136460  56.666  -38.166  10.103 29.5895519257
136461  56.067  -38.149  9.907 29.5045814514
136462  55.721  -38.499  10.790 28.7765445709
136463  55.617  -38.310  10.237 29.3100090027
136464  55.445  -38.131  9.677 29.4015445709
136465  54.776  -38.113  9.481 29.2068881989
136466  54.119  -38.086  9.296 28.9287490845
136467  53.513  -38.071  9.170 28.6433944702
136468  53.081  -38.215  9.604 28.2637863159
136469  52.593  -38.365  10.037 27.8314762115
136470  52.131  -38.555  10.497 27.3688983917
136471  52.896  -38.778  11.094 27.6950244904
136472  52.296  -38.755  10.986 27.3265838623
136473  51.666  -38.765  10.898 26.9218082428
143025  53.432  -35.273  15.214 27.6032981873
143031  53.295  -34.103  13.001 28.6901149750
143032  54.258  -33.736  12.518 30.3945503235
143033  55.209  -33.387  12.096 31.6848926544
143034  55.800  -33.686  12.753 32.0763511658
143035  55.990  -33.367  12.222 32.4608802795
143036  56.189  -32.980  11.724 32.6788558960
143037  57.165  -32.645  11.361 33.2504806519
143038  58.144  -32.318  11.007 33.6647224426
143039  59.099  -32.014  10.692 33.7660102844
143040  59.905  -31.699  10.415 33.5605049133
143041  59.710  -32.077  10.925 33.9320411682
143042  60.229  -32.114  11.167 33.5064048767
143043  60.823  -32.154  11.360 33.1936454773
143044  59.900  -32.713  12.109 33.8341064453
143045  60.648  -32.449  11.835 33.4990425110
143046  61.426  -32.194  11.574 33.0180816650
143047  61.999  -32.226  11.880 32.5615463257
143048  62.590  -32.309  12.136 32.2778244019
143049  63.143  -32.442  12.388 32.2085342407
143050  59.141  -33.847  14.101 34.5644416809
143051  59.922  -33.552  13.863 34.9029960632
143052  60.729  -33.289  13.613 35.0545120239
143053  61.171  -33.547  14.306 35.9490470886
143054  61.335  -33.333  13.834 35.4536094666
143055  61.498  -33.086  13.356 35.0525894165
143056  62.253  -32.898  13.102 34.5264244080
143057  62.995  -32.715  12.853 33.4285087585
143058  63.635  -32.655  12.593 32.0978240967
143059  64.039  -32.981  12.720 31.7416744232
143060  64.344  -33.254  12.818 31.2601718903
143061  64.626  -33.557  12.832 30.5874767303
143062  64.113  -33.814  13.565 31.9176597595
143063  64.546  -33.845  13.231 30.8496341705
143064  64.841  -33.910  12.824 29.7395629883
143065  64.923  -34.305  12.861 30.0551128387
143066  64.975  -34.842  12.838 30.1575737000
143067  64.939  -35.349  12.810 29.9615936279
143068  57.882  -36.136  17.689 35.1729545593
143069  58.688  -35.851  17.315 35.1431541443
143070  59.424  -35.595  16.944 35.0538978577
143071  59.696  -35.974  17.352 33.9782905579
143072  59.914  -35.664  16.939 34.5299491882
143073  60.125  -35.398  16.553 35.0552711487
143074  60.784  -35.274  16.158 35.0868034363
143075  61.434  -35.149  15.792 35.0325050354
143076  62.117  -35.056  15.526 34.8234634399
143077  61.428  -36.569  17.720 31.1547946930
143078  61.622  -36.374  17.255 31.7521495819
143079  61.861  -36.152  16.815 32.3054771423
143080  62.994  -36.306  16.691 31.3950405121
143081  62.579  -36.102  16.533 32.1327323914
143082  62.128  -35.881  16.388 32.9160423279
143083  62.398  -35.582  15.987 33.3696594238
143084  62.607  -35.271  15.610 33.7105522156
143085  62.783  -34.983  15.261 34.3095054626
143086  63.436  -34.928  14.985 33.7193412781
143087  63.970  -35.038  14.704 33.0314445496
143088  64.400  -35.171  14.402 32.1447906494
143089  64.449  -35.797  14.791 30.8382472992
143090  64.560  -35.572  14.427 31.0507354736
143091  64.696  -35.240  14.080 31.2529354095
143092  64.842  -35.418  13.682 30.5340023041
143093  64.897  -35.650  13.240 29.9391403198
143094  64.840  -35.830  12.795 29.4271774292
143095  64.704  -36.262  12.813 28.5084686279
143096  64.447  -36.721  12.801 28.4625949860
143097  64.156  -37.127  12.809 28.6046104431
143098  64.437  -37.309  13.661 28.4666862488
143099  64.165  -37.452  13.233 28.4228019714
143100  63.811  -37.487  12.839 28.6694221497
143101  63.434  -37.814  12.864 28.4526615143
143102  63.046  -38.118  12.958 27.7322101593
159910  54.248  -26.537  7.275 32.7694511414
159911  53.421  -26.570  7.202 31.4432010651
159912  52.611  -26.624  7.110 30.1192131042
159913  53.906  -25.555  6.933 32.0731277466
159914  52.873  -26.100  6.966 30.4507064819
159915  51.842  -26.658  6.977 28.9162864685
159916  51.146  -26.686  6.800 28.2339897156
159917  50.509  -26.728  6.586 27.4911632538
159937  58.025  -22.413  5.563 30.2023429871
159938  58.288  -21.991  5.279 28.5758934021
159939  58.522  -21.570  4.969 27.1151676178
159940  60.329  -21.132  5.140 27.2843723297
159982  64.326  -23.940  5.097 27.0390529633
160036  60.631  -31.419  10.113 33.0078735352
160037  61.346  -31.167  9.830 32.0853843689
160038  62.146  -30.850  9.576 31.0029411316
160039  62.468  -31.312  10.358 30.9171276093
160040  62.693  -30.944  9.867 30.3140869141
160041  62.916  -30.598  9.322 29.7507572174
160042  63.608  -30.392  9.080 28.6021366119
160043  64.310  -30.175  8.849 27.5646877289
160045  64.464  -31.908  11.345 28.9434165955
160046  64.611  -31.567  10.825 28.8813743591
160047  64.828  -31.187  10.345 28.6264019012
160048  65.543  -31.547  10.002 28.0061416626
160049  65.314  -31.173  9.935 28.1391792297
160050  65.022  -30.869  9.803 28.3385219574
160051  65.197  -30.578  9.272 28.1130104065
160052  65.325  -30.276  8.746 27.4931793213
160056  66.344  -30.185  6.610 26.9301586151
160057  66.310  -30.948  7.197 27.9609489441
160058  66.356  -30.671  6.619 27.6564617157
160059  66.449  -30.328  6.018 27.1571617126
160060  66.413  -30.513  5.378 27.5057468414
160061  66.239  -30.736  4.785 27.9995689392
160062  66.006  -30.897  4.254 28.5395984650
160063  64.892  -35.318  11.355 29.4035339355
160064  64.992  -35.030  10.900 29.8529720306
160065  65.116  -34.758  10.398 30.0274696350
160066  64.506  -35.266  9.831 30.8064823151
160067  64.897  -34.887  9.862 30.4533748627
160068  65.249  -34.453  9.884 29.8814144135
160069  65.367  -34.099  9.331 30.2436828613
160070  65.504  -33.717  8.808 30.8523464203
160071  65.572  -33.361  8.293 31.1209106445
160072  62.804  -35.565  7.854 33.3790016174
160073  63.320  -35.185  7.788 33.7566947937
160074  63.802  -34.821  7.722 33.3260307312
160075  63.371  -34.689  6.812 34.4139900208
160076  63.870  -34.637  7.171 33.8517227173
160077  64.312  -34.411  7.705 32.9638328552
160078  64.820  -33.959  7.740 32.6662673950
160079  65.264  -33.529  7.767 31.9891967773
160080  65.589  -33.045  7.722 30.9431362152
160081  65.641  -32.783  7.209 30.6673355103
160082  65.717  -32.513  6.684 30.3508129120
160083  65.710  -32.315  6.059 29.9818210602
160084  64.954  -32.821  5.575 31.8192806244
160085  65.373  -32.419  5.530 30.6790275574
160086  65.730  -31.987  5.472 29.7621688843
160087  65.705  -31.671  4.888 29.7092609406
160088  65.682  -31.373  4.320 29.4765396118
160089  65.653  -31.007  3.787 29.1400756836
160090  65.155  -31.051  3.432 29.8098506927
160091  64.532  -31.054  3.156 30.5045948029
160092  63.784  -31.037  2.888 30.6188297272
160093  63.450  -31.646  3.510 31.5244007111
160094  63.225  -31.344  3.113 30.9913825989
160095  62.971  -31.011  2.688 30.5579776764
160096  62.144  -31.000  2.534 30.2733192444
160097  61.255  -31.029  2.458 29.7964115143
160098  60.377  -31.062  2.333 28.7876110077
160099  61.117  -32.674  4.470 32.7968940735
160100  60.952  -32.401  4.072 32.4497375488
160101  60.700  -32.166  3.679 31.5431079865
160102  59.299  -32.459  3.834 30.3694324493
160103  59.846  -32.179  3.582 30.4795532227
160104  60.342  -31.891  3.304 30.5515880585
160105  60.101  -31.651  2.922 29.5067081451
160106  59.802  -31.403  2.559 28.4673786163
160107  59.553  -31.155  2.182 27.8079452515
160108  58.758  -31.270  2.041 26.8923912048
160144  56.171  -36.164  6.446 27.1005592346
