#!ascii label  , from subject fsaverage vox2ras=TkReg
1430
144  46.923  -19.174  1.777 43.8923492432
354  55.794  -14.831  1.657 40.3025932312
355  58.445  -5.464  -1.307 48.2590446472
594  63.053  -23.979  5.441 44.6511840820
634  49.499  -13.925  -5.427 49.8594818115
834  61.755  -15.500  3.100 40.5922737122
835  62.863  -10.867  0.772 35.3806533813
1421  48.859  -17.266  -2.078 54.6977119446
1423  58.116  -0.550  -4.388 33.2349777222
1788  50.639  -15.024  4.154 42.6369628906
1789  51.447  -11.807  0.824 55.6968002319
1790  57.288  -10.277  0.848 48.3996162415
2408  53.607  -19.213  2.698 35.3439445496
2409  58.669  -19.708  3.800 43.6648635864
2417  56.647  -23.224  5.991 40.6305389404
2418  64.470  -20.373  4.649 45.0671005249
2419  66.246  -23.208  2.051 36.8344154358
2538  49.712  -10.168  -8.702 38.3635978699
2539  53.152  -8.565  -2.756 59.6095199585
2540  53.247  -4.031  -6.102 52.4876480103
2754  63.899  -15.934  3.519 35.5360450745
3339  45.319  -21.568  0.165 38.2418174744
3340  46.071  -20.518  -1.663 43.7169876099
3341  47.969  -18.408  -0.167 50.8701667786
3939  53.196  -14.762  3.390 40.1606941223
3940  53.706  -12.569  2.632 48.7391128540
3941  56.456  -12.584  1.151 46.1233367920
5374  52.292  -21.347  3.087 32.4200477600
5375  56.140  -19.571  2.964 40.4744415283
5376  54.798  -21.454  3.601 40.6191253662
5395  58.955  -25.305  6.518 37.5161209106
5396  55.718  -25.043  6.943 34.9885520935
5397  59.815  -23.431  6.161 44.9605903625
5398  60.784  -21.630  5.470 47.2863273621
5399  63.838  -22.318  5.362 48.5036392212
5400  65.814  -21.560  3.774 42.5593795776
5401  65.667  -23.269  4.252 42.1763648987
5697  46.768  -17.623  -4.944 36.8740081787
5699  47.045  -15.966  -6.515 31.7751655579
5701  49.677  -12.042  -7.082 45.6162147522
5702  54.963  -8.806  -0.423 56.4089889526
5703  52.344  -10.376  -0.975 57.7291336060
5704  55.576  -6.646  -2.268 57.0045127869
5706  55.405  -1.671  -4.961 44.5735740662
5707  55.073  1.154  -6.531 34.6426849365
5708  53.208  -1.354  -7.839 37.9397277832
6108  59.202  -15.135  1.986 40.8777389526
6109  60.119  -12.702  1.079 41.5898628235
6110  62.597  -13.169  1.902 37.1701850891
6983  62.008  -25.841  5.767 37.0748939514
6984  65.212  -24.972  4.941 36.8250923157
7164  46.540  -19.138  -3.323 44.0209197998
7165  49.257  -15.702  -3.792 54.4690322876
7166  60.409  -3.261  -2.368 34.6643295288
7167  58.325  -3.039  -2.855 44.1312942505
8010  48.367  -16.410  3.293 44.2269859314
8011  49.168  -15.581  1.389 51.5269966125
8012  50.900  -13.267  2.603 51.3197174072
8013  54.206  -10.653  1.352 54.3428230286
8014  58.027  -7.898  0.032 47.0073738098
8015  60.513  -10.127  0.608 41.6608619690
8016  60.687  -7.699  0.217 35.5745925903
8017  60.745  -5.358  -0.896 35.3970680237
9765  43.926  -22.879  1.542 32.2987365723
9774  45.596  -20.409  3.074 34.8349876404
9775  47.502  -17.996  4.668 34.6074104309
9776  50.110  -17.069  5.336 32.6693000793
9777  52.371  -16.862  4.162 32.9974517822
9780  54.748  -16.959  2.473 38.7349090576
9781  57.594  -17.537  2.606 41.8198738098
9782  60.045  -17.834  3.412 42.8326301575
9783  62.515  -17.961  4.141 41.3340835571
9806  52.718  -25.205  6.345 32.0371093750
9807  53.841  -23.298  4.963 36.2572212219
9808  57.727  -21.582  4.788 43.4951324463
9809  61.649  -19.858  4.702 44.8439979553
9810  64.917  -18.648  4.046 38.7376747131
9811  65.814  -19.963  2.952 37.0277137756
9812  65.442  -21.600  1.260 37.4877319336
9813  64.154  -23.559  0.425 32.0547485352
9814  66.689  -24.963  3.071 33.5558586121
10171  50.306  -14.705  -0.536 54.9882965088
10172  51.240  -13.298  -2.465 56.5792427063
10173  51.801  -11.304  -4.245 59.1292419434
10174  55.786  -4.054  -3.738 53.4221115112
10175  53.393  -6.361  -4.418 59.4970207214
10176  51.922  -9.317  -5.972 58.8765373230
10177  51.886  -7.171  -7.575 50.8814468384
10178  51.720  -5.052  -9.198 37.1944770813
10434  64.656  -16.424  3.417 32.8415184021
11019  46.248  -20.379  0.922 41.9136810303
11020  46.656  -20.070  -0.003 45.6150398254
11021  47.439  -18.869  0.763 47.8625717163
11619  54.285  -14.767  2.481 40.0580673218
11620  54.595  -13.678  2.245 43.5815620422
11621  56.098  -13.671  1.336 42.6511459351
13055  53.630  -21.396  3.206 36.3841362000
13056  52.951  -22.372  3.738 35.6571083069
13075  61.064  -24.540  6.004 42.6056137085
13076  59.407  -24.377  6.415 41.4178428650
13077  61.472  -23.702  5.912 46.0451622009
13078  61.852  -22.816  5.775 47.4531288147
13079  63.378  -23.177  5.473 47.0426177979
13080  64.837  -22.686  4.957 45.7653083801
13081  64.481  -23.508  5.033 45.3008232117
13377  48.158  -15.879  -5.163 43.3830223083
13378  46.887  -16.813  -5.741 33.7700843811
13379  48.283  -14.959  -5.982 40.1898765564
13380  48.452  -14.076  -6.781 37.9183998108
13381  49.581  -13.010  -6.268 47.0777626038
13382  56.843  -7.207  -1.013 55.1661148071
13383  55.337  -7.821  -1.377 57.0097656250
13384  56.929  -6.013  -1.811 55.0768470764
14019  60.437  -15.356  2.577 40.8663902283
14020  61.063  -14.083  2.073 39.7252693176
14021  62.231  -14.363  2.543 38.8159370422
15478  60.069  -26.517  6.145 34.0654029846
15479  61.548  -26.980  6.046 33.1829147339
15480  63.206  -26.277  5.764 34.4540786743
15777  47.471  -18.970  -1.855 50.8899192810
15778  46.399  -19.827  -2.490 44.9424285889
15779  47.734  -18.280  -2.716 51.6685066223
15780  47.943  -17.487  -3.533 49.9539031982
15781  49.107  -16.523  -2.935 54.7346725464
17574  49.469  -15.492  3.826 43.5884666443
17575  49.561  -14.792  3.035 48.1589393616
17576  50.731  -14.040  3.421 47.1277503967
17577  55.318  -11.516  1.612 50.1974411011
17578  53.954  -11.616  2.054 51.8470535278
17579  55.668  -10.482  1.226 51.8490447998
17580  56.118  -9.388  0.543 52.6212310791
17581  57.672  -9.098  0.530 47.7038536072
17582  61.752  -11.650  1.092 39.6830406189
17583  60.319  -11.447  0.777 43.5121002197
17584  61.874  -10.407  0.731 37.4992561340
17588  60.768  -6.516  -0.246 34.5576210022
21868  44.217  -22.323  3.010 32.3357849121
21869  45.051  -20.928  3.819 32.5824432373
21870  46.463  -19.004  3.865 34.7192840576
21871  45.947  -19.614  4.703 33.1961059570
21875  51.321  -16.971  4.986 32.2507209778
21882  52.313  -19.043  3.364 32.7940254211
21883  52.926  -17.921  3.357 34.6803932190
21884  54.197  -18.062  2.671 37.1834907532
21885  56.150  -17.178  2.428 40.8204650879
21886  55.541  -18.349  2.615 39.1083946228
21887  57.438  -19.670  3.336 42.0554237366
21888  58.072  -18.781  3.101 42.2645568848
21889  59.321  -18.814  3.523 43.2402458191
21890  61.318  -17.879  3.822 42.1808853149
21891  60.582  -18.773  3.925 43.0970916748
21948  56.146  -24.091  6.565 38.0565338135
21949  54.151  -25.052  6.764 33.7387428284
21950  54.617  -24.158  6.231 36.1439819336
21951  53.303  -24.236  5.709 33.9123916626
21952  55.167  -23.290  5.567 38.4409484863
21953  55.755  -22.447  4.845 40.6201744080
21954  57.226  -22.419  5.385 42.5535430908
21955  62.783  -20.877  5.131 47.8391075134
21956  61.311  -20.716  5.078 46.6589431763
21957  63.126  -19.981  4.861 45.4806518555
21958  63.412  -19.104  4.527 43.2129745483
21959  64.769  -19.502  4.316 41.4241294861
21960  65.538  -19.307  3.562 37.3111724854
21961  65.444  -20.084  3.985 40.4476623535
21962  66.116  -22.325  2.934 40.2104301453
21963  65.972  -21.499  2.528 39.7802314758
21964  65.822  -22.389  1.626 37.7919731140
21965  64.859  -22.553  0.619 35.6766624451
21966  65.400  -23.295  1.077 34.6707038879
21967  65.994  -25.796  4.617 32.0824546814
21968  66.224  -24.897  4.062 35.1807403564
22857  48.547  -12.333  -8.405 33.1379547119
22861  49.729  -9.225  -9.536 33.7648963928
22862  50.286  -13.629  1.128 54.1428527832
22863  49.698  -15.207  0.421 53.8212051392
22864  50.759  -13.107  0.193 55.2388343811
22865  52.835  -9.566  -1.872 58.6936798096
22866  51.834  -11.764  -1.640 56.5510368347
22867  52.222  -10.937  -2.528 57.8567886353
22868  51.561  -12.357  -3.381 57.8415794373
22869  52.516  -9.906  -3.478 59.3848266602
22870  58.285  -1.839  -3.653 39.1743011475
22871  57.086  -3.483  -3.338 48.2168159485
22872  57.056  -2.122  -4.044 44.2126350403
22873  54.199  -2.667  -5.408 49.3328781128
22874  54.359  -3.827  -4.616 54.2416458130
22875  53.317  -5.201  -5.174 57.4506645203
22876  52.644  -7.846  -5.163 60.2739028931
22877  52.633  -6.761  -6.031 58.6853942871
22878  51.882  -8.338  -6.787 56.5165519714
22879  52.675  -5.503  -6.833 53.0582160950
22881  52.469  -3.197  -8.508 38.0124588013
22882  52.220  -2.115  -9.349 32.1252517700
22883  51.524  -3.952  -10.015 33.1820373535
23388  62.949  -15.677  3.449 37.4436912537
23389  63.311  -14.619  2.825 35.4681129456
23390  64.157  -14.990  2.827 32.7975578308
24441  44.329  -22.465  -0.575 32.5836563110
24442  44.626  -21.949  -1.435 35.2740287781
24443  45.716  -21.090  -0.753 41.6607894897
24444  47.110  -19.542  -0.929 48.3627319336
24445  48.444  -17.906  -1.137 53.9990730286
25521  51.999  -14.834  4.052 41.4310302734
25522  52.147  -13.758  3.504 46.2189636230
25523  53.411  -13.680  3.114 44.6927986145
25524  54.956  -12.572  1.975 47.2637519836
25525  56.781  -11.484  1.023 48.8273277283
28106  52.965  -20.300  2.792 33.7892951965
28107  54.886  -19.429  2.666 37.7237968445
28108  54.226  -20.436  2.833 36.8754768372
28109  55.494  -20.519  3.189 40.4887390137
28110  56.753  -20.587  3.669 42.2738914490
28143  56.888  -26.203  7.063 32.9715385437
28144  55.323  -26.062  7.217 32.2704277039
28145  57.343  -25.169  6.904 36.2374458313
28146  57.750  -24.160  6.651 39.5885429382
28147  58.191  -23.227  6.238 42.9470214844
28148  58.751  -22.406  5.714 44.5438270569
28149  60.302  -22.497  5.749 46.3787689209
28150  62.371  -21.835  5.458 48.4906501770
28151  64.148  -21.311  5.047 48.3776435852
28152  65.254  -20.908  4.345 44.3638725281
28153  65.035  -21.889  4.714 45.9044952393
28154  65.730  -22.428  4.055 43.0476036072
28155  66.347  -23.179  3.236 39.3687705994
28692  48.470  -13.259  -7.597 36.2074623108
28693  49.677  -11.175  -7.911 42.5994567871
28694  53.077  -10.214  0.335 57.0976753235
28695  51.861  -11.114  -0.119 56.8106460571
28696  53.460  -9.400  -0.637 57.7510490417
28697  53.976  -8.442  -1.568 58.3721923828
28698  54.262  -7.435  -2.392 58.9477195740
28700  56.869  -0.839  -4.771 40.0160560608
28701  56.482  0.328  -5.439 35.1939125061
28702  55.215  -0.248  -5.733 39.9474487305
28703  54.089  -1.349  -6.217 43.6627159119
28704  53.245  -2.779  -6.914 45.7834625244
28705  54.052  0.093  -7.101 36.8408737183
29610  57.605  -14.969  1.626 40.8651695251
29611  57.977  -13.792  1.174 41.9359626770
29612  59.685  -13.967  1.510 40.9500236511
29613  61.472  -12.906  1.546 39.5030097961
29614  62.813  -11.971  1.305 35.1750335693
29615  63.556  -13.521  2.086 34.3108940125
29616  63.640  -12.460  1.339 33.3827247620
31653  58.504  -26.259  6.546 33.7849807739
31654  60.528  -25.449  6.028 38.0976486206
31655  62.511  -24.851  5.602 41.8553657532
31656  64.148  -24.348  5.171 41.4952049255
31657  63.694  -25.250  5.467 38.0203857422
31658  64.811  -25.872  5.356 33.7819061279
32072  44.992  -21.248  -2.321 37.1332740784
32073  45.126  -20.624  -3.141 35.8885726929
32074  45.319  -19.896  -3.903 33.2309570312
32075  46.712  -18.356  -4.137 40.7781715393
32076  48.056  -16.718  -4.358 46.9037132263
32077  49.337  -14.895  -4.634 53.4879341125
32078  59.620  -4.074  -1.653 41.3750190735
32079  58.391  -4.252  -2.015 46.7696838379
32080  59.450  -3.008  -2.434 38.8502159119
32081  59.305  -1.902  -3.377 34.8832397461
34356  47.538  -17.740  2.603 44.1235694885
34357  48.072  -17.413  1.612 48.4366722107
34358  48.630  -16.020  2.365 48.6464271545
34359  49.813  -14.168  2.089 51.8054466248
34360  51.090  -12.559  1.739 54.0410804749
34361  52.241  -12.774  2.818 50.4414710999
34362  52.395  -11.948  2.126 53.5677871704
34363  52.684  -11.055  1.248 55.9257431030
34364  54.551  -9.747  0.539 55.3569450378
34365  56.580  -8.311  -0.203 53.6606445312
34366  58.274  -6.688  -0.594 48.1699905396
34367  58.326  -12.585  0.816 44.0533409119
34368  58.655  -11.384  0.642 46.6896286011
34369  58.980  -10.092  0.622 45.0722579956
34370  61.850  -9.147  0.375 34.8543052673
34371  60.661  -8.865  0.435 39.1225814819
34372  59.249  -8.881  0.497 43.2851676941
34373  59.439  -7.606  0.215 41.0978431702
34374  59.570  -6.460  -0.277 41.9661750793
34375  59.612  -5.273  -0.923 42.3496780396
34376  60.591  -4.339  -1.526 36.7778472900
39530  44.545  -22.323  0.817 35.0935363770
39531  45.423  -21.292  1.623 38.0524902344
39557  44.835  -21.803  2.341 34.2104949951
39558  46.211  -19.828  2.503 39.4054107666
39559  46.966  -18.378  3.265 39.6049575806
39560  47.961  -17.159  3.974 39.1937065125
39561  49.123  -16.459  4.539 38.2014732361
39562  47.094  -18.776  5.480 32.3619575500
39563  48.748  -17.400  5.226 33.8802223206
39564  50.383  -16.050  4.788 37.1390419006
39565  51.662  -15.950  4.533 36.0807495117
39566  52.774  -15.812  3.814 35.5138702393
39567  53.789  -15.832  2.880 37.0532493591
39575  53.417  -16.875  3.170 35.9807434082
39576  55.260  -15.917  2.108 38.8681755066
39577  56.895  -16.067  2.042 40.7739181519
39578  58.336  -16.378  2.358 41.8785743713
39579  59.649  -16.589  2.848 42.3002815247
39580  56.890  -18.594  2.805 41.1069412231
39581  58.869  -17.714  2.969 42.3949050903
39582  60.874  -16.709  3.346 42.0002326965
39583  62.146  -16.831  3.745 39.9196929932
39584  63.179  -17.021  3.974 38.5475807190
39585  64.150  -17.278  3.904 36.9525413513
39656  51.982  -24.334  5.150 32.0382003784
39657  52.485  -23.353  4.422 33.9600715637
39658  54.343  -22.388  4.241 38.5578460693
39659  56.290  -21.511  4.179 42.0890579224
39660  58.169  -20.647  4.246 44.1202850342
39661  59.300  -21.554  5.232 45.3481483459
39662  59.814  -20.654  4.726 45.1485290527
39663  60.163  -19.735  4.281 44.0187721252
39664  62.056  -18.885  4.343 43.0285034180
39665  63.806  -18.172  4.253 40.2281723022
39666  65.039  -17.850  3.608 36.2982444763
39667  65.499  -18.520  3.091 34.9334068298
39668  65.676  -19.293  2.426 33.5429306030
39669  65.512  -20.088  1.703 33.9904594421
39670  65.917  -20.736  3.376 40.3603096008
39671  65.804  -20.750  2.125 37.6734848022
39672  65.040  -20.921  0.906 34.5686950684
39673  64.348  -21.832  0.223 34.1514358521
39674  63.496  -22.883  -0.051 32.9442520142
39676  65.469  -24.114  4.564 40.0379524231
39677  66.311  -24.045  3.613 37.9298744202
39678  66.579  -24.087  2.503 35.5363349915
39681  66.056  -24.156  1.571 33.2053527832
40747  48.642  -17.088  0.626 51.5445709229
40748  49.178  -16.704  -0.292 54.7381210327
40749  49.702  -16.156  -1.324 55.3850250244
40750  51.268  -12.532  -0.731 56.0607376099
40751  50.869  -14.031  -1.521 55.8806381226
40752  50.124  -15.397  -2.272 56.0264625549
40753  50.418  -14.562  -3.176 57.0176391602
40754  50.566  -13.709  -4.019 57.7480735779
40755  50.731  -12.693  -4.895 56.6923484802
40756  57.079  -4.755  -2.600 52.2886924744
40757  55.739  -5.414  -3.033 56.5064125061
40758  54.465  -6.206  -3.203 59.4733352661
40759  55.710  -2.765  -4.329 49.5773239136
40760  54.500  -4.994  -3.905 57.4204597473
40761  53.384  -7.422  -3.623 60.4787483215
40762  52.638  -8.957  -4.342 60.5108299255
40763  51.862  -10.431  -5.104 59.4849395752
40764  50.818  -11.731  -5.743 55.3297195435
40765  50.849  -10.744  -6.636 53.9329605103
40766  50.891  -9.704  -7.421 50.9971084595
40767  50.902  -8.709  -8.205 45.8702697754
40768  52.582  -4.340  -7.637 45.8707809448
40769  51.812  -6.029  -8.373 44.0032043457
40770  50.880  -7.632  -9.004 40.0514678955
40771  50.792  -6.668  -9.813 35.2004203796
40772  50.611  -5.758  -10.616 32.7959518433
41154  64.951  -16.710  3.250 31.8982353210
41739  46.599  -19.819  1.358 43.0482406616
41740  46.839  -19.647  0.843 44.9672317505
41741  47.176  -19.046  1.261 46.0274085999
42339  54.967  -14.779  1.977 40.1655578613
42340  55.097  -14.228  1.902 41.5875205994
42341  55.932  -14.259  1.505 41.4329147339
43775  52.319  -22.362  3.598 33.5293846130
43776  52.038  -22.855  3.873 32.5891914368
43795  62.068  -24.233  5.745 44.2677688599
43796  61.340  -24.128  5.953 44.9394073486
43797  62.325  -23.845  5.673 45.4320678711
43798  62.483  -23.429  5.702 46.6351280212
43799  63.226  -23.569  5.474 45.8247718811
43800  63.952  -23.319  5.248 46.1991996765
43801  63.780  -23.715  5.280 45.0105018616
44097  48.822  -14.933  -5.292 46.6012001038
44098  48.188  -15.447  -5.588 41.6842231750
44099  48.877  -14.477  -5.696 44.8576126099
44100  48.931  -14.015  -6.117 43.1617088318
44101  49.549  -13.462  -5.845 48.1377716064
44102  57.708  -6.309  -1.187 51.5977973938
44103  56.943  -6.604  -1.427 55.0687980652
44104  57.741  -5.698  -1.558 51.9958877563
44739  61.059  -15.442  2.847 40.7016639709
44740  61.350  -14.859  2.614 39.9335174561
44741  61.998  -14.949  2.828 39.7605781555
46198  60.572  -27.323  6.241 32.0557250977
46200  62.128  -27.199  6.077 32.4934730530
46497  48.170  -18.148  -1.939 53.1680183411
46498  47.597  -18.680  -2.283 51.5757598877
46499  48.316  -17.789  -2.407 53.1606445312
46500  48.426  -17.416  -2.837 53.2258567810
46501  48.993  -16.894  -2.526 54.6757850647
48294  50.048  -15.204  4.021 43.1088027954
48295  50.083  -14.753  3.648 45.4065856934
48296  50.698  -14.525  3.794 45.0261688232
48297  56.255  -10.976  1.142 49.6616706848
48298  55.506  -10.974  1.431 50.9678192139
48299  56.436  -10.396  1.030 50.0017395020
48300  56.610  -9.855  0.849 50.1782264709
48301  57.459  -9.701  0.717 48.2152366638
48302  62.373  -11.211  0.982 38.5495758057
48303  61.821  -11.050  0.883 39.7135200500
48304  62.452  -10.620  0.767 36.4121704102
52590  45.505  -20.220  4.273 32.9330520630
52591  45.230  -20.507  4.668 32.1954612732
52600  52.637  -19.675  2.941 33.2029609680
52601  52.020  -19.599  3.328 31.8334770203
52602  52.937  -19.109  2.905 34.1234436035
52603  53.223  -18.537  2.939 35.0245132446
52604  53.894  -18.658  2.694 36.2409667969
52605  54.887  -18.210  2.589 38.3139419556
52606  54.567  -18.788  2.625 37.3929367065
52607  58.066  -19.700  3.557 42.8259201050
52608  58.427  -19.246  3.396 42.7136650085
52609  59.013  -19.255  3.642 43.4655456543
52610  59.916  -18.802  3.733 43.1874923706
52611  59.623  -19.235  3.869 43.5009918213
52668  56.403  -23.639  6.276 39.6069679260
52669  55.409  -24.078  6.395 37.0364761353
52670  55.634  -23.677  6.105 38.4196624756
52671  54.901  -23.725  5.903 37.2805480957
52672  55.889  -23.284  5.803 39.4036331177
52673  56.168  -22.859  5.470 40.5084648132
52674  56.938  -22.834  5.677 41.5068473816
52675  63.671  -20.608  4.932 47.1372795105
52676  62.970  -20.447  4.995 46.9282875061
52677  63.853  -20.151  4.786 45.1924972534
52678  63.990  -19.708  4.632 43.5712509155
52679  64.622  -19.940  4.484 43.0498695374
52680  65.146  -19.779  4.152 40.8250045776
52681  65.024  -20.172  4.336 42.7537078857
52682  66.210  -22.756  2.473 38.6119728088
52683  66.092  -22.351  2.261 38.9427452087
52684  66.047  -22.803  1.821 37.4469871521
52685  65.681  -22.825  1.262 36.3647460938
52686  65.933  -23.230  1.529 35.6976051331
53577  49.116  -11.281  -8.553 36.0448875427
53579  49.150  -10.781  -8.969 33.9846420288
53580  49.132  -10.365  -9.377 31.8343639374
53581  49.749  -9.661  -9.145 35.9109268188
53582  50.832  -12.740  0.960 54.9600753784
53583  50.471  -13.419  0.652 54.7563209534
53584  51.036  -12.445  0.513 55.5070495605
53585  52.941  -9.034  -2.260 59.2230911255
53586  52.516  -10.147  -2.168 58.2282028198
53587  52.597  -9.759  -2.620 58.8325462341
53588  52.366  -10.442  -3.014 58.6488647461
53589  52.769  -9.254  -3.093 59.3938865662
53590  58.216  -1.214  -4.026 35.8636016846
53591  57.730  -1.909  -3.817 41.1778831482
53592  57.641  -1.263  -4.194 38.4555625916
53593  53.661  -3.309  -5.712 51.4488067627
53594  53.712  -3.953  -5.269 53.6895561218
53595  53.271  -4.674  -5.637 55.0044631958
53596  52.937  -6.028  -5.593 58.3001365662
53597  52.905  -5.446  -6.052 55.8541374207
53598  52.666  -6.115  -6.467 55.9161338806
53599  52.984  -4.754  -6.437 53.3356094360
54339  63.425  -15.837  3.529 36.3444786072
54340  63.629  -15.286  3.204 35.0176544189
54341  64.050  -15.482  3.212 34.0224609375
56094  44.854  -22.024  -0.199 35.8856124878
56095  45.021  -21.796  -0.661 37.2198486328
56096  45.537  -21.318  -0.290 39.9558753967
56097  47.293  -19.270  -0.077 48.5632400513
56098  46.893  -19.805  -0.458 47.1127090454
56099  47.540  -19.021  -0.549 50.0944557190
56100  47.772  -18.742  -1.037 51.4915199280
56101  48.203  -18.182  -0.655 52.3842124939
57894  52.622  -14.797  3.773 40.7347793579
57895  52.696  -14.251  3.633 43.2759780884
57896  53.312  -14.187  3.245 42.5425720215
57897  55.468  -13.138  1.650 44.9051895142
57898  54.773  -13.135  2.142 45.4110603333
57899  55.641  -12.595  1.542 46.6850357056
57900  55.760  -12.064  1.451 48.5038833618
57901  56.604  -12.055  1.041 47.8795661926
62204  52.611  -20.844  2.907 33.1753463745
62205  53.614  -20.366  2.746 35.2667083740
62206  53.286  -20.880  2.903 34.7813568115
62207  54.203  -21.440  3.403 38.7004280090
62208  54.548  -20.959  3.175 38.5657272339
62209  55.146  -20.990  3.386 40.5663757324
62210  56.126  -20.556  3.421 41.3632698059
62211  55.785  -21.006  3.605 41.4632339478
62265  57.936  -25.733  6.812 34.8886909485
62266  57.140  -25.676  7.014 34.4765815735
62267  58.165  -25.234  6.753 36.8731536865
62268  59.597  -23.917  6.327 43.3405914307
62269  58.574  -24.279  6.582 40.6723289490
62270  58.765  -23.777  6.429 42.4862098694
62271  57.938  -23.679  6.455 41.3745155334
62272  58.983  -23.308  6.218 44.0707702637
62273  59.197  -22.857  5.977 44.6483650208
62274  60.053  -22.969  5.948 45.6792793274
62275  62.838  -22.522  5.604 48.8635330200
62276  62.062  -22.310  5.636 48.2550582886
62277  63.121  -22.078  5.467 48.8476066589
62278  63.323  -21.557  5.297 48.4716186523
62279  63.990  -21.829  5.232 48.7246055603
62280  64.614  -21.595  4.915 47.4254837036
62281  64.506  -22.083  5.085 47.2240524292
62282  65.250  -22.932  4.592 44.4828910828
62283  65.337  -22.546  4.524 44.3906784058
62284  65.712  -22.841  4.140 42.6964302063
62285  66.077  -22.775  3.655 41.2120704651
62286  66.073  -23.202  3.772 40.6849250793
63167  46.087  -18.423  -4.839 33.2298698425
63170  46.916  -16.437  -6.137 32.4699554443
63177  49.074  -13.063  -6.929 41.6130561829
63178  48.446  -13.648  -7.182 37.0652847290
63179  49.058  -12.679  -7.335 40.8414573669
63180  49.076  -12.253  -7.759 39.5319557190
63181  49.659  -11.646  -7.505 44.2054252625
63182  53.969  -9.537  0.002 57.1890182495
63183  53.283  -9.774  -0.137 57.4120330811
63184  54.210  -9.044  -0.496 57.5844612122
63185  55.446  -7.271  -1.787 57.1661453247
63186  54.633  -8.128  -1.480 57.9808540344
63187  54.825  -7.529  -1.947 58.1517028809
63188  54.167  -7.913  -1.983 58.7798728943
63189  54.931  -6.980  -2.359 58.0589523315
63191  57.092  0.475  -5.321 33.4905967712
63193  55.611  1.402  -6.327 32.6045265198
63194  55.707  0.740  -5.915 35.0421905518
63195  55.119  0.372  -6.104 37.6899833679
63196  54.611  -0.773  -5.925 41.9432487488
63197  54.571  -0.078  -6.344 38.9580383301
63198  54.087  -0.610  -6.662 40.3848838806
63199  54.573  0.720  -6.809 35.6476249695
65094  58.460  -15.043  1.778 40.7564773560
65095  58.659  -14.467  1.539 41.0493507385
65096  59.452  -14.522  1.759 40.8465728760
65097  61.922  -13.587  2.026 38.4800872803
65098  61.275  -13.507  1.790 39.5316505432
65099  62.055  -13.022  1.733 38.2245635986
65100  62.196  -12.408  1.469 37.4159278870
65101  62.701  -12.596  1.598 36.1830406189
65102  63.896  -14.289  2.481 33.1564826965
65103  63.474  -14.065  2.460 34.7087783813
65104  63.944  -13.770  2.076 32.4133415222
65106  63.959  -12.757  1.322 32.5241699219
69474  58.342  -26.852  6.613 32.0378799438
69475  61.027  -26.186  5.949 35.8492317200
69476  60.303  -25.978  6.070 35.9329833984
69477  61.301  -25.639  5.852 37.9425544739
69478  61.540  -25.119  5.799 40.1005287170
69479  62.326  -25.304  5.675 39.4461555481
69480  63.179  -24.975  5.485 40.0856933594
69481  62.918  -25.494  5.629 37.7536430359
69482  63.753  -26.561  5.803 32.7546958923
69483  64.018  -26.028  5.628 34.4584388733
69484  64.596  -26.355  5.625 31.8901004791
70367  45.331  -21.262  -1.540 39.7435874939
70368  44.818  -21.595  -1.866 36.5472640991
70369  45.568  -20.876  -2.005 40.4662094116
70370  46.463  -19.498  -2.903 45.1049156189
70371  45.771  -20.243  -2.828 41.4441642761
70372  45.842  -19.890  -3.229 41.1449928284
70373  45.211  -20.278  -3.511 34.9905738831
70374  45.913  -19.550  -3.602 39.0290107727
70375  46.011  -19.142  -4.026 37.0316658020
70376  46.643  -18.746  -3.732 42.7693519592
70377  48.614  -16.609  -3.647 53.1639213562
70378  48.027  -17.090  -3.937 48.5430755615
70379  48.667  -16.228  -4.069 51.7117652893
70380  48.694  -15.835  -4.492 50.1192398071
70381  49.292  -15.327  -4.211 54.1628150940
70382  60.066  -3.626  -1.955 37.8201751709
70383  59.540  -3.545  -2.023 39.8635749817
70384  59.955  -3.081  -2.363 36.4783973694
70386  59.738  -2.064  -3.290 32.9424285889
70388  59.205  -1.315  -3.784 33.1019973755
75759  47.943  -17.009  2.945 44.2857093811
75760  48.106  -16.869  2.504 46.4447212219
75761  48.494  -16.198  2.841 46.4679946899
75762  50.201  -14.017  2.805 49.9281463623
75763  49.654  -14.493  2.557 50.5367355347
75764  50.283  -13.668  2.394 51.6308288574
75765  50.466  -13.348  1.926 52.8989334106
75766  50.960  -12.896  2.217 52.6706542969
75767  52.922  -13.141  3.100 47.4942169189
75768  52.212  -13.246  3.202 48.3244667053
75769  52.992  -12.637  2.779 49.5720138550
75770  54.055  -11.137  1.707 53.1526031494
75771  53.190  -11.700  2.127 52.7970695496
75772  53.297  -11.277  1.753 54.3499832153
75773  52.536  -11.491  1.692 55.1390380859
75774  53.442  -10.805  1.357 55.4619483948
75775  53.570  -10.407  0.970 56.0988044739
75776  54.331  -10.178  0.972 54.8416213989
75777  57.087  -8.667  0.242 49.8315238953
75778  56.348  -8.855  0.191 52.8540649414
75779  57.321  -8.086  -0.100 50.1774253845
75780  57.483  -7.470  -0.418 50.8477096558
75781  58.135  -7.323  -0.259 47.4865112305
75782  59.116  -13.242  1.095 42.0242691040
75783  58.173  -13.199  0.995 42.8406600952
75784  59.257  -12.651  0.905 42.9920158386
75785  60.482  -10.731  0.701 42.8330535889
75786  59.566  -11.329  0.682 45.4389228821
75787  59.649  -10.740  0.609 44.3197517395
75788  58.800  -10.754  0.628 45.8226242065
75789  59.772  -10.081  0.578 43.2470626831
75791  62.368  -9.400  0.374 32.6156883240
75793  61.297  -7.793  0.099 33.3965339661
75794  61.312  -8.385  0.268 35.3988800049
75795  60.678  -8.295  0.337 37.2564201355
75796  59.938  -8.880  0.499 41.0654106140
75797  59.996  -8.266  0.416 39.5617294312
75798  59.337  -8.227  0.394 42.1688537598
75799  60.062  -7.615  0.258 38.1272544861
75800  60.780  -5.919  -0.562 34.9040107727
75801  60.203  -6.418  -0.234 37.9871101379
75802  60.183  -5.861  -0.542 38.6062469482
75803  59.571  -5.907  -0.600 42.6295852661
75804  60.176  -5.287  -0.867 38.9447021484
75805  60.140  -4.749  -1.182 39.5173187256
75806  60.669  -4.866  -1.201 35.9877891541
88579  44.242  -22.611  1.169 33.5090255737
88580  45.034  -21.791  1.212 37.0847549438
88581  44.687  -22.130  1.567 35.2099723816
88645  44.934  -21.386  3.016 33.5636825562
88646  44.531  -22.078  2.676 33.3024406433
88647  45.208  -21.130  2.717 34.7104339600
88648  45.534  -20.846  2.396 36.9434585571
88649  45.873  -20.132  2.809 37.1323852539
88650  46.567  -19.114  2.895 39.5198822021
88651  46.268  -19.409  3.144 37.1816062927
88652  46.958  -18.417  4.326 34.6936378479
88653  47.217  -18.047  3.958 36.9654121399
88654  47.754  -17.555  4.327 36.5103034973
88655  48.530  -16.771  4.282 38.7254295349
88656  48.338  -17.205  4.629 36.0022697449
88658  46.270  -19.433  5.526 32.0495681763
88661  48.581  -17.858  5.555 32.2157592773
88662  49.378  -17.219  5.364 33.3068695068
88663  49.543  -16.738  5.051 35.0732421875
88664  50.207  -16.590  5.073 34.6930923462
88665  51.091  -15.930  4.671 36.6046638489
88666  50.892  -16.490  4.973 34.3248596191
88667  51.878  -16.920  4.629 32.2481994629
88668  52.068  -16.397  4.439 33.9233283997
88669  52.575  -16.338  3.996 34.1625671387
88670  53.277  -15.778  3.362 36.2370758057
88671  53.071  -16.326  3.523 35.2424812317
88690  53.760  -17.430  2.859 36.9569015503
88691  53.207  -17.402  3.271 35.6118469238
88692  54.035  -16.908  2.749 37.3702774048
88693  54.271  -16.374  2.566 37.6117782593
88694  54.974  -16.455  2.278 38.7755203247
88695  56.080  -15.984  2.008 39.9053230286
88696  55.784  -16.512  2.207 40.0385093689
88697  56.903  -17.348  2.496 41.2078933716
88698  57.259  -16.796  2.361 41.6264648438
88699  57.959  -16.964  2.504 42.2121696472
88700  59.011  -16.493  2.592 42.3738555908
88701  58.646  -17.085  2.670 42.5277366638
88702  55.478  -19.530  2.791 39.0327262878
88703  55.840  -19.016  2.725 39.4672737122
88704  56.478  -19.084  2.884 40.7174568176
88705  59.061  -18.320  3.240 42.6903724670
88706  58.474  -18.245  3.034 42.4239730835
88707  59.450  -17.795  3.189 42.5485763550
88708  59.844  -17.255  3.155 42.3309860229
88709  60.466  -17.277  3.374 42.4328613281
88710  61.586  -16.744  3.547 40.8512153625
88711  61.100  -17.321  3.590 41.7276954651
88712  61.931  -17.892  3.994 41.8691444397
88713  62.316  -17.417  3.962 40.7874336243
88714  62.868  -17.499  4.081 40.3174133301
88715  63.673  -17.122  3.970 37.6095619202
88716  63.425  -17.578  4.105 39.7535133362
88883  55.496  -25.538  7.097 33.5238456726
88884  54.469  -26.053  7.176 31.9191207886
88885  54.674  -25.541  7.034 33.0423774719
88886  53.417  -25.113  6.568 33.2577552795
88887  53.159  -25.594  6.784 32.2204666138
88893  53.578  -23.775  5.336 35.0522460938
88894  52.637  -24.290  5.441 32.9304656982
88895  52.901  -23.797  5.069 34.1497192383
88896  52.242  -23.833  4.767 33.1957435608
88897  53.168  -23.312  4.676 35.3781547546
88898  53.410  -22.843  4.325 36.5922813416
88899  54.101  -22.851  4.616 37.4286575317
88900  56.754  -22.011  4.773 42.2864570618
88901  56.001  -21.976  4.470 41.2906379700
88902  57.003  -21.548  4.469 43.0010566711
88903  57.221  -21.086  4.208 43.6997566223
88904  57.972  -21.109  4.501 44.0339012146
88905  59.822  -21.994  5.538 46.2944793701
88906  59.085  -21.986  5.435 45.5325355530
88907  60.093  -21.585  5.334 46.3061523438
88908  61.498  -20.300  4.907 45.8513908386
88909  60.544  -20.696  4.946 45.8470916748
88910  60.743  -20.248  4.704 45.1199340820
88911  59.966  -20.199  4.481 44.5494613647
88912  60.943  -19.769  4.513 44.3442764282
88913  61.128  -19.300  4.323 43.6815757751
88914  61.852  -19.378  4.513 43.9529113770
88915  64.250  -18.838  4.351 40.9334220886
88916  63.633  -18.645  4.402 41.5893707275
88917  64.383  -18.405  4.207 39.7819709778
88918  64.496  -17.985  4.008 38.5619163513
88919  64.983  -18.262  3.842 37.6848564148
88920  65.316  -18.186  3.363 35.7726135254
88921  65.324  -18.550  3.633 36.7611999512
88922  65.720  -19.635  3.271 36.7947425842
88923  65.723  -19.329  2.973 35.4542961121
88924  65.777  -19.647  2.680 35.1407966614
88925  65.622  -19.672  2.092 33.6369781494
88926  65.755  -20.035  2.303 35.5296363831
88927  65.568  -21.233  4.075 43.4827232361
88928  65.636  -20.788  3.922 42.1186218262
88929  65.843  -21.130  3.545 41.6022758484
88930  65.786  -21.531  1.897 38.6622505188
88931  65.894  -21.112  2.323 38.9401893616
88932  65.656  -21.162  1.702 37.8846588135
88933  65.505  -20.807  1.505 36.1695022583
88934  65.266  -21.278  1.100 36.3152580261
88935  64.730  -21.367  0.538 34.3901252747
88936  64.954  -21.699  0.693 36.0952987671
88937  64.489  -23.058  0.510 34.2622146606
88938  64.214  -22.688  0.279 34.7758216858
88939  63.834  -23.192  0.224 32.6695213318
88942  64.705  -24.615  5.058 39.1117668152
88943  64.858  -24.220  4.915 40.8114471436
88944  65.351  -24.515  4.727 38.3402328491
88945  66.536  -24.938  3.578 34.3490142822
88946  66.292  -24.481  3.823 36.7525329590
88947  66.537  -24.511  3.290 35.8175582886
88948  66.518  -24.075  3.052 36.7394981384
88949  66.626  -24.536  2.782 34.6949806213
88956  66.307  -24.613  1.836 32.4889755249
88958  65.549  -24.184  1.199 31.9631614685
91622  48.627  -16.507  1.502 50.1079177856
91623  48.360  -17.276  1.118 50.1329612732
91624  48.933  -16.335  1.005 51.4012222290
91625  50.037  -14.902  -0.041 54.4303245544
91626  49.456  -16.000  0.090 54.2821846008
91627  49.772  -15.712  -0.423 54.8067703247
91628  49.443  -16.441  -0.817 55.1389999390
91629  50.039  -15.469  -0.927 55.2737159729
91630  52.081  -10.749  -0.537 57.3054771423
91631  51.505  -11.778  -0.361 56.4913902283
91632  51.769  -11.426  -0.826 56.8535804749
91633  51.594  -12.527  -2.050 56.4868125916
91634  51.349  -12.944  -1.576 56.1146888733
91635  51.077  -13.676  -1.999 56.2363777161
91636  50.537  -14.747  -1.908 56.0286483765
91637  50.741  -14.347  -2.375 56.3683280945
91638  50.308  -14.968  -2.713 56.4810409546
91639  50.882  -13.941  -2.818 56.7872200012
91640  51.683  -11.860  -3.808 58.5423660278
91641  51.108  -13.053  -3.712 57.9060249329
91642  51.220  -12.564  -4.119 58.4016532898
91643  50.653  -13.210  -4.464 57.2839355469
91644  51.288  -12.052  -4.554 58.7803077698
91645  58.355  -3.691  -2.436 46.0274200439
91646  57.728  -4.490  -2.303 50.8097686768
91647  57.741  -3.860  -2.718 49.2966346741
91648  56.477  -3.734  -3.603 51.0614585876
91649  56.459  -4.403  -3.258 52.8513793945
91650  55.763  -4.754  -3.434 55.1501922607
91651  55.078  -5.799  -3.141 57.9464569092
91652  55.134  -5.116  -3.490 56.7999000549
91653  56.095  -1.171  -4.963 42.0645179749
91654  56.293  -1.746  -4.547 44.6948776245
91655  55.592  -2.150  -4.670 47.0013694763
91656  53.853  -5.071  -4.490 57.4555931091
91657  54.446  -4.398  -4.273 56.1191024780
91658  53.868  -5.654  -4.107 58.4691619873
91659  53.919  -6.197  -3.735 59.6252517700
91660  53.400  -6.900  -4.007 60.3563270569
91661  52.984  -8.179  -3.938 60.5677375793
91662  53.037  -7.619  -4.376 60.7653884888
91663  52.294  -8.653  -5.572 59.6717681885
91664  52.264  -9.208  -5.149 60.4323844910
91665  51.866  -9.916  -5.517 59.4874763489
91666  51.382  -11.087  -5.431 58.1099548340
91667  51.400  -10.550  -5.879 57.4364662170
91668  50.823  -11.255  -6.196 54.6856498718
91669  51.415  -10.039  -6.362 56.4755706787
91670  51.897  -7.754  -7.189 54.0174942017
91671  51.434  -9.013  -7.158 54.2007751465
91672  51.421  -8.464  -7.522 52.1449050903
91673  50.882  -9.214  -7.801 48.9962844849
91674  51.430  -7.931  -7.909 49.0276603699
91675  53.231  -2.079  -7.355 41.7865905762
91676  52.911  -3.545  -7.269 46.1728286743
91677  52.884  -2.852  -7.739 41.8867568970
91678  52.094  -4.114  -8.858 37.6539115906
91679  52.185  -4.690  -8.439 41.0878715515
91680  51.756  -5.617  -8.787 40.3130378723
91681  51.372  -6.903  -8.701 42.2714080811
91682  51.337  -6.351  -9.090 39.0198135376
91683  50.847  -7.108  -9.424 37.4866638184
91684  51.310  -5.775  -9.512 36.2592887878
91685  51.372  -3.500  -10.405 31.9873733521
91686  51.114  -4.821  -10.322 33.2796669006
91687  50.947  -4.396  -10.713 32.2123527527
92508  64.313  -16.144  3.493 34.0429916382
92509  64.474  -15.648  3.122 32.7314186096
93561  45.786  -21.020  0.541 40.2734909058
93562  46.000  -20.826  0.086 41.9699325562
93563  46.439  -20.259  0.456 43.8646621704
93564  47.068  -19.487  0.371 46.8337020874
93565  47.716  -18.657  0.283 49.4638786316
94641  53.731  -14.756  2.956 39.9607505798
94642  53.869  -14.187  2.841 42.0174331665
94643  54.424  -14.206  2.381 41.7837753296
94644  55.261  -13.670  1.723 43.1388511658
94645  56.268  -13.110  1.208 44.3526039124
97226  51.972  -21.820  3.298 31.7913818359
97227  52.987  -21.371  3.068 34.3146209717
97228  52.614  -21.861  3.323 33.9518394470
97229  53.254  -21.883  3.448 36.3428115845
97230  53.856  -21.913  3.633 38.7854461670
97263  60.033  -24.882  6.226 40.3539161682
97264  59.200  -24.833  6.495 39.5085868835
97265  60.273  -24.456  6.206 42.3269271851
97266  60.420  -24.015  6.160 44.2506408691
97267  60.614  -23.566  6.075 45.4582786560
97268  60.831  -23.140  5.956 46.1392135620
97269  61.680  -23.303  5.879 46.7349166870
97270  62.652  -23.010  5.678 47.8877258301
97271  63.597  -22.779  5.486 48.3169517517
97272  64.366  -22.501  5.199 47.1194305420
97273  64.130  -22.914  5.218 47.1159477234
97274  64.639  -23.116  4.965 45.8836555481
97275  65.141  -23.380  4.692 43.9580039978
97805  47.485  -16.752  -5.038 40.2656135559
97806  46.885  -17.178  -5.341 35.2138595581
97807  47.518  -16.354  -5.472 38.5628585815
97808  47.551  -15.942  -5.872 37.0780410767
97809  47.679  -15.448  -6.256 35.7528343201
97810  47.763  -15.035  -6.631 34.6206855774
97811  48.364  -14.504  -6.373 38.8567962646
97812  48.997  -13.565  -6.498 42.3344306946
97813  49.648  -12.503  -6.684 46.2427940369
97814  55.923  -8.033  -0.761 55.8785858154
97815  55.153  -8.297  -0.880 56.9386787415
97816  56.086  -7.497  -1.225 56.0150718689
97817  56.150  -6.930  -1.628 56.0381126404
97818  56.228  -6.368  -2.019 55.8508110046
98961  59.832  -15.261  2.290 41.1172065735
98962  60.151  -14.596  2.037 40.7505416870
98963  60.762  -14.726  2.342 40.1963462830
98964  61.656  -14.223  2.332 39.0970306396
98965  62.490  -13.735  2.219 37.8003654480
101588  59.132  -26.973  6.402 32.2520942688
101589  59.868  -27.134  6.280 32.3617134094
101590  60.795  -26.755  6.055 33.8452033997
101591  61.768  -26.390  5.892 34.9838676453
101592  62.634  -26.012  5.742 35.7545356750
101593  62.394  -26.598  5.893 34.0535926819
101594  62.946  -26.866  5.939 33.2103881836
102125  46.780  -19.749  -1.762 47.7946243286
102126  46.289  -20.138  -2.079 44.3673973083
102127  46.960  -19.410  -2.165 48.5538825989
102128  47.055  -19.094  -2.585 48.6927528381
102129  47.151  -18.714  -3.008 47.8280677795
102130  47.250  -18.330  -3.442 46.7765274048
102131  47.834  -17.889  -3.145 50.9272155762
102132  48.524  -17.023  -3.235 53.3677101135
102133  49.185  -16.127  -3.362 54.6578979492
102135  60.265  -2.705  -2.831 33.3596534729
105360  48.886  -15.909  3.579 43.9610824585
105361  48.959  -15.621  3.177 46.2450866699
105362  49.490  -15.115  3.457 45.8345260620
105363  50.120  -14.366  3.280 47.6073379517
105364  50.803  -13.661  2.993 49.3148956299
105365  54.497  -12.024  2.122 49.9750099182
105366  53.817  -12.067  2.341 50.6434097290
105367  54.656  -11.507  1.892 51.0142402649
105368  54.788  -11.072  1.638 52.0778732300
105369  54.941  -10.567  1.319 53.2160644531
105370  55.147  -10.052  0.956 53.6607055664
105371  55.848  -9.962  0.951 52.3632812500
105372  56.863  -9.280  0.581 50.0187606812
105373  57.838  -8.505  0.334 47.1706504822
105374  60.984  -12.192  1.102 40.7516784668
105375  60.185  -12.104  0.899 42.3655967712
105376  61.069  -11.554  0.919 41.3963050842
105377  61.143  -10.922  0.775 40.9211845398
105378  61.226  -10.236  0.679 39.3485183716
105384  60.733  -7.076  0.023 34.5143013000
105387  61.214  -5.537  -0.961 32.1471595764
105388  61.137  -4.998  -1.309 32.7275657654
113092  44.625  -21.646  3.399 32.4976272583
113093  45.337  -20.686  3.417 33.6217651367
113094  46.014  -19.703  3.429 34.8364334106
113095  45.786  -19.946  3.869 33.7571830750
113096  46.223  -19.311  4.306 33.9130706787
113097  46.703  -18.792  4.720 33.9998359680
113103  50.742  -17.003  5.213 32.3978881836
113117  52.136  -18.403  3.875 32.1299552917
113118  52.616  -18.459  3.379 33.7206573486
113119  53.494  -17.976  2.952 35.9675178528
113120  54.472  -17.507  2.630 38.1521186829
113121  55.485  -17.048  2.395 40.2167472839
113122  55.179  -17.620  2.532 39.2719879150
113123  55.864  -17.763  2.535 39.9277954102
113124  56.559  -17.923  2.602 40.5913467407
113125  56.785  -19.629  3.146 41.4494972229
113126  57.113  -19.156  3.052 41.6907730103
113127  57.752  -19.220  3.216 42.1210861206
113128  58.727  -18.806  3.302 42.6780776978
113129  59.678  -18.344  3.461 43.0691528320
113130  60.686  -17.862  3.624 42.5428314209
113131  60.281  -18.359  3.664 42.8802185059
113132  60.950  -18.325  3.865 42.6390151978
113133  61.562  -18.360  4.053 42.4582481384
113234  55.933  -24.548  6.782 36.5501937866
113235  54.896  -25.027  6.886 34.3307762146
113236  55.136  -24.544  6.694 35.6751327515
113237  54.378  -24.590  6.522 34.9399566650
113238  53.672  -24.648  6.300 34.2532272339
113239  53.008  -24.705  6.044 32.9030761719
113240  53.987  -24.178  5.982 35.1024742126
113241  54.241  -23.742  5.636 36.1618423462
113242  54.515  -23.304  5.256 37.3172798157
113243  54.794  -22.891  4.932 38.5034332275
113244  55.478  -22.878  5.230 39.6781997681
113245  56.497  -22.441  5.125 41.7068023682
113246  57.513  -22.005  5.057 43.1541557312
113247  61.830  -21.210  5.284 47.8106384277
113248  61.084  -21.158  5.239 46.9463539124
113249  62.057  -20.754  5.111 47.4648170471
113250  62.253  -20.352  4.991 46.5853919983
113251  62.406  -19.910  4.842 45.3460617065
113252  62.567  -19.468  4.641 44.2395210266
113253  63.277  -19.559  4.693 44.3581428528
113254  64.107  -19.305  4.495 42.2913017273
113255  64.821  -19.093  4.193 39.9763565063
113256  65.270  -18.966  3.821 37.9260406494
113257  65.220  -19.369  4.002 39.2558326721
113258  65.523  -19.676  3.787 38.7315826416
113259  65.707  -19.987  3.531 38.5574035645
113260  65.980  -21.921  3.371 41.5697784424
113261  65.982  -21.496  3.137 41.0248069763
113262  66.064  -21.893  2.736 40.2346115112
113263  65.913  -21.941  2.070 38.9694252014
113264  65.613  -21.999  1.413 37.8141212463
113265  65.173  -22.070  0.861 36.7083702087
113266  65.408  -22.446  1.068 36.7066688538
113267  65.117  -22.922  0.853 35.3359260559
113268  64.779  -23.426  0.736 33.5055732727
113269  65.645  -25.380  4.798 34.5535430908
113270  65.775  -24.919  4.542 36.0363540649
113271  66.111  -25.370  4.337 33.6390838623
113272  66.487  -25.394  3.856 32.7761039734
113273  66.703  -25.414  3.363 31.9787693024
114877  49.723  -8.748  -9.917 32.2344665527
114878  49.744  -14.563  1.281 52.8646354675
114879  49.461  -15.386  0.911 52.6632881165
114880  49.970  -14.402  0.799 54.0280609131
114881  50.229  -14.121  0.334 54.4885597229
114882  50.528  -13.877  -0.154 54.9108848572
114883  52.606  -9.990  -1.425 58.1858901978
114884  52.031  -11.064  -1.276 57.1718521118
114885  52.291  -10.705  -1.745 57.6507682800
114886  52.084  -11.316  -2.099 57.0564994812
114887  51.741  -12.154  -2.508 57.0597229004
114888  51.421  -12.845  -2.904 57.0483016968
114889  51.967  -11.628  -2.934 57.8531341553
114890  52.079  -11.132  -3.427 58.6532096863
114891  52.223  -10.589  -3.870 59.4402694702
114892  58.337  -2.431  -3.296 41.7301940918
114893  57.768  -3.164  -3.116 46.1176376343
114894  57.715  -2.605  -3.465 43.5477981567
114895  57.137  -2.770  -3.711 46.3026580811
114896  56.428  -3.045  -3.926 49.7553215027
114897  54.751  -2.156  -5.159 47.3643836975
114898  54.891  -2.670  -4.788 49.7723884583
114899  54.230  -3.361  -5.015 51.7638130188
114900  53.791  -4.527  -4.849 55.9830970764
114901  53.379  -5.768  -4.799 58.7163505554
114902  53.012  -7.043  -4.780 59.9485855103
114903  53.001  -6.453  -5.170 59.2068557739
114904  52.683  -7.269  -5.585 59.5581130981
114905  52.349  -8.035  -6.028 58.8123321533
114906  51.868  -8.831  -6.424 57.7195930481
114907  52.293  -7.491  -6.465 57.9781837463
114908  52.306  -6.952  -6.827 55.4867782593
114909  52.287  -6.402  -7.209 52.6148452759
114910  53.102  -0.703  -8.257 34.2802124023
114911  52.802  -2.291  -8.180 38.0287208557
114912  52.724  -1.653  -8.584 34.6256065369
114913  52.356  -2.611  -8.919 34.9959297180
114914  52.032  -3.658  -9.328 35.0650520325
114915  51.633  -4.462  -9.622 35.1205406189
114916  51.880  -3.083  -9.681 32.6719627380
116010  62.431  -15.563  3.307 38.8543968201
116011  62.603  -15.024  3.014 37.9480514526
116012  63.155  -15.127  3.138 36.3038597107
116013  63.769  -14.766  2.847 33.9743461609
116014  64.244  -14.488  2.426 31.8834972382
118469  44.481  -22.238  -1.011 33.9731712341
118470  45.163  -21.563  -1.103 38.5036277771
118471  45.878  -20.830  -1.203 42.9870376587
118472  46.237  -20.547  -0.390 43.6174468994
118473  46.431  -20.315  -0.840 45.2102355957
118474  46.617  -20.043  -1.300 46.4989089966
118475  47.311  -19.244  -1.406 49.6271018982
118476  48.003  -18.433  -1.505 52.7416954041
118477  48.674  -17.618  -1.606 54.6216316223
120987  51.345  -14.860  4.176 42.1935920715
120988  51.382  -14.379  3.855 44.7143020630
120989  52.070  -14.296  3.809 44.1100425720
120990  52.800  -13.708  3.376 45.4383735657
120991  53.560  -13.123  2.889 46.7044525146
120992  54.006  -13.665  2.731 44.0380744934
120993  54.163  -13.126  2.568 45.9610786438
120994  54.387  -12.547  2.351 47.9416961670
120995  55.121  -12.076  1.796 49.1950645447
120996  56.001  -11.535  1.306 49.4220733643
120997  57.032  -10.929  0.916 48.5599822998
120998  63.248  -10.588  0.452 32.3031806946
120999  62.885  -10.289  0.530 33.2279090881
127021  52.300  -20.236  2.973 32.3644561768
127022  53.290  -19.757  2.713 34.5134696960
127023  54.273  -19.312  2.626 36.5360870361
127024  53.979  -19.837  2.636 35.8213081360
127025  54.531  -19.957  2.733 37.2316627502
127026  55.175  -20.010  2.877 38.7405128479
127027  53.936  -20.920  3.004 36.5782203674
127028  54.854  -20.491  2.989 38.5750885010
127029  55.829  -20.049  3.054 40.3652648926
127030  56.456  -20.097  3.262 41.3259010315
127031  57.096  -20.136  3.504 42.1167106628
127032  57.665  -20.171  3.742 43.0404243469
127109  56.119  -26.114  7.185 32.6388931274
127110  56.302  -25.599  7.095 33.9862976074
127111  56.523  -25.101  6.959 35.5153541565
127112  58.393  -24.732  6.669 38.7649345398
127113  57.586  -24.684  6.780 37.9125251770
127114  56.770  -24.615  6.793 37.1018524170
127115  56.912  -24.090  6.621 38.7870788574
127116  57.159  -23.645  6.407 40.5869522095
127117  57.387  -23.210  6.157 41.9845962524
127118  57.675  -22.827  5.867 42.7716560364
127119  58.380  -22.833  5.978 43.6740455627
127120  59.470  -22.411  5.757 45.3883171082
127121  60.547  -22.043  5.582 47.1527137756
127122  61.054  -22.639  5.786 46.9017143250
127123  61.341  -22.145  5.591 47.7904205322
127124  61.618  -21.654  5.435 48.1014709473
127125  62.598  -21.334  5.290 48.1509933472
127126  63.518  -21.060  5.117 48.1188926697
127127  64.327  -20.852  4.833 47.4245605469
127128  64.887  -20.617  4.534 45.0875244141
127129  64.783  -21.081  4.711 47.2422790527
127130  65.175  -21.398  4.492 45.8360748291
127131  65.496  -21.692  4.289 44.4778213501
127132  64.950  -22.306  4.856 45.7702217102
127133  65.410  -22.159  4.433 44.4344787598
127134  65.760  -22.004  3.966 43.1113128662
127135  65.994  -22.350  3.548 41.6140594482
127136  66.230  -22.733  3.114 39.8880729675
127137  66.382  -23.172  2.650 38.1057624817
128384  47.822  -14.560  -7.045 33.7147064209
128385  47.830  -14.193  -7.445 33.0046920776
128386  47.884  -13.741  -7.866 31.9933700562
128387  48.511  -12.784  -8.009 35.0360145569
128388  49.117  -11.773  -8.154 37.8114585876
128389  49.699  -10.675  -8.301 40.9485969543
128390  52.225  -10.965  0.610 56.4176712036
128391  51.674  -11.476  0.349 56.2816696167
128392  52.418  -10.570  0.139 56.9506988525
128393  52.551  -10.214  -0.328 57.3560371399
128394  52.816  -9.816  -0.776 57.7964401245
128395  54.403  -8.621  -0.991 57.9059181213
128396  53.697  -8.952  -1.092 58.0551986694
128397  53.060  -9.375  -1.203 58.2625160217
128398  53.353  -8.915  -1.664 58.8013572693
128399  53.508  -8.405  -2.070 59.4235801697
128400  53.675  -7.918  -2.526 59.7515525818
128402  57.533  -0.634  -4.548 36.1912879944
128403  57.244  -0.140  -4.973 34.5622138977
128404  56.645  -0.260  -5.133 37.5396232605
128405  55.958  -0.627  -5.198 39.6372261047
128406  56.301  0.964  -5.761 32.8912048340
128407  55.824  0.132  -5.546 37.3275489807
128408  55.288  -0.983  -5.333 42.2139129639
128409  54.727  -1.398  -5.569 44.7419204712
128410  54.111  -1.986  -5.815 46.7102508545
128411  53.635  -2.677  -6.126 48.7969970703
128412  53.273  -3.401  -6.501 49.5931892395
128413  53.637  -2.020  -6.567 45.1736412048
128414  53.612  -1.343  -6.975 41.3462905884
128415  53.580  -0.656  -7.443 37.4846534729
128416  54.521  1.373  -7.232 32.0859718323
128417  53.977  0.741  -7.546 33.1546249390
128418  53.579  0.090  -7.877 33.6835823059
130836  56.693  -14.901  1.564 40.5359420776
130837  56.847  -14.318  1.325 41.3358879089
130838  57.770  -14.398  1.387 41.3655166626
130839  58.893  -13.862  1.300 41.4431610107
130840  59.965  -13.320  1.305 41.1829223633
130841  60.406  -13.995  1.788 40.6614761353
130842  60.706  -13.428  1.576 40.6033134460
130843  60.846  -12.805  1.328 40.5453033447
130844  61.585  -12.292  1.313 39.5797729492
130845  62.318  -11.781  1.239 37.4406814575
130846  62.834  -11.427  1.024 35.2646484375
130847  62.803  -14.480  2.702 37.3534774780
130848  63.005  -13.877  2.371 36.6952438354
130849  63.118  -13.300  2.023 36.4911460876
130850  63.951  -13.261  1.706 32.3044013977
130851  63.603  -12.982  1.710 34.6300544739
130852  63.171  -12.774  1.678 35.8559951782
130853  63.248  -12.217  1.375 33.8649368286
130854  63.247  -11.686  1.023 32.9805221558
130855  63.252  -11.144  0.730 33.2294158936
136384  57.683  -26.245  6.837 33.3389892578
136385  58.695  -25.793  6.535 35.4776954651
136386  59.290  -26.361  6.294 33.9788970947
136387  59.512  -25.835  6.270 35.8572769165
136388  59.729  -25.371  6.258 38.1101112366
136389  60.763  -24.968  6.000 40.3310203552
136390  61.769  -24.660  5.807 42.3168716431
136391  62.747  -24.405  5.543 43.4908828735
136392  63.589  -24.114  5.302 43.8430862427
136393  63.356  -24.558  5.398 42.0930747986
136394  63.944  -24.766  5.301 39.8114433289
136395  64.459  -25.083  5.253 37.6094932556
136396  63.469  -25.716  5.616 36.0532646179
136397  64.261  -25.545  5.408 35.9904212952
136398  65.041  -25.416  5.108 35.5134124756
136399  65.474  -25.788  5.030 32.9869995117
137517  44.294  -21.906  -2.212 31.7515430450
137519  45.698  -20.552  -2.414 40.9805450439
137520  45.058  -20.952  -2.730 36.5745353699
137526  46.072  -18.760  -4.440 35.0766868591
137527  46.745  -17.995  -4.541 38.7663192749
137528  47.345  -17.929  -3.835 45.5631370544
137529  47.404  -17.555  -4.231 44.0069236755
137530  47.424  -17.161  -4.656 42.1718025208
137531  48.087  -16.293  -4.778 45.1866264343
137532  48.742  -15.382  -4.884 48.4080352783
137533  49.442  -14.371  -5.026 51.6516265869
137534  59.092  -4.709  -1.455 45.2737655640
137535  58.449  -4.837  -1.655 48.0856056213
137536  59.040  -4.122  -1.766 43.7313613892
137537  58.968  -3.576  -2.179 42.5295944214
137538  58.916  -3.022  -2.616 41.1378860474
137539  59.855  -2.531  -2.776 34.8539543152
137540  59.343  -2.515  -2.910 36.7353477478
137541  58.879  -2.413  -3.070 39.0532073975
137542  58.810  -1.830  -3.509 37.3046340942
137543  58.716  -1.250  -3.877 34.4001197815
144114  47.205  -18.474  2.210 44.0951347351
144115  47.475  -18.334  1.712 46.2600326538
144116  47.783  -17.601  2.142 46.3148689270
144117  48.296  -16.732  2.009 48.5097274780
144118  48.846  -15.797  1.876 50.4289245605
144119  49.055  -15.361  2.716 48.5141792297
144120  49.199  -15.079  2.233 50.6111831665
144121  49.441  -14.830  1.745 51.7240486145
144122  50.063  -13.890  1.615 52.9687004089
144123  50.635  -13.050  1.436 54.1527252197
144124  51.271  -12.182  1.253 55.1139068604
144125  51.419  -13.875  3.522 46.7366943359
144126  51.445  -13.422  3.134 48.8169937134
144127  51.537  -12.982  2.755 50.9714584351
144128  53.081  -12.169  2.449 51.3601684570
144129  52.324  -12.330  2.475 52.0547752380
144130  51.627  -12.572  2.406 52.3766708374
144131  51.686  -12.191  1.990 53.8300628662
144132  51.848  -11.774  1.516 55.2241973877
144133  52.040  -11.312  1.055 55.8191757202
144134  52.864  -10.638  0.801 56.5254249573
144135  53.779  -9.969  0.467 56.7629356384
144136  54.757  -9.290  0.065 55.8777885437
144137  55.342  -9.559  0.561 54.0419387817
144138  55.572  -9.059  0.131 54.5082511902
144139  55.789  -8.545  -0.316 55.1816062927
144140  56.711  -7.759  -0.591 54.5748977661
144141  57.572  -6.927  -0.800 51.5561332703
144142  58.381  -6.084  -0.957 48.1734275818
144143  57.035  -13.713  1.155 42.2359924316
144144  57.218  -13.129  1.000 43.5649223328
144145  57.377  -12.562  0.891 45.0939941406
144146  59.380  -12.016  0.736 44.1567764282
144147  58.501  -11.990  0.690 45.4490852356
144148  57.550  -12.016  0.793 46.7759819031
144149  57.709  -11.417  0.752 47.9907493591
144150  57.911  -10.821  0.739 47.4472045898
144151  58.119  -10.188  0.703 46.9695358276
144152  62.408  -10.020  0.569 34.1944541931
144153  61.843  -9.791  0.561 35.8946990967
144154  61.234  -9.605  0.523 38.2869606018
144155  61.865  -8.541  0.227 33.5623283386
144156  61.286  -8.974  0.387 37.4983253479
144157  60.588  -9.481  0.498 40.5389785767
144158  59.892  -9.428  0.549 42.3641319275
144159  59.087  -9.510  0.587 44.3727722168
144160  58.326  -9.554  0.632 46.4272460938
144161  58.529  -8.922  0.482 45.6302680969
144162  58.628  -8.301  0.356 44.8031272888
144163  58.753  -7.719  0.149 44.1503982544
144164  60.138  -7.001  0.050 37.6684532166
144165  59.533  -7.023  0.007 41.3040695190
144166  58.876  -7.147  -0.098 44.5148887634
144167  58.884  -6.594  -0.413 45.0221214294
144168  58.986  -5.962  -0.752 45.1729316711
144169  59.069  -5.304  -1.085 45.0838890076
144170  59.650  -4.638  -1.265 42.3526725769
144171  60.134  -4.126  -1.536 39.6568717957
144172  60.519  -3.793  -1.947 36.1251602173
144173  61.066  -4.518  -1.608 33.5015716553
144174  60.940  -3.999  -1.980 33.7952842712
144175  60.812  -3.507  -2.386 32.9141159058
159543  44.512  -22.401  0.124 34.6731796265
159545  44.123  -22.748  0.456 33.1939964294
159546  44.903  -21.990  0.471 36.5978393555
159547  45.384  -21.432  0.865 38.5846405029
159548  45.805  -20.868  1.279 39.9226493835
159549  46.186  -20.247  1.703 41.0105819702
159624  43.604  -23.175  1.915 31.9606456757
159625  43.773  -22.943  2.611 31.8360347748
159626  44.072  -22.673  2.289 32.7006683350
159627  44.377  -22.414  1.935 33.5090522766
159628  45.119  -21.549  1.986 36.1209259033
159629  45.833  -20.566  2.067 39.0473289490
159630  46.561  -19.506  2.150 41.6472854614
159631  46.849  -18.800  2.575 41.8392601013
159632  47.271  -18.039  2.943 41.9373207092
159633  47.703  -17.328  3.292 41.9835968018
159634  46.717  -18.687  3.546 37.1982154846
159635  47.448  -17.640  3.629 39.4926185608
159636  48.159  -16.777  3.619 41.7996215820
159637  48.691  -16.354  3.927 41.4248886108
159638  49.304  -15.951  4.208 40.9295997620
159639  49.863  -15.736  4.382 40.4168014526
159640  45.747  -19.883  5.111 32.5689086914
159641  46.488  -19.138  5.136 33.2299270630
159642  47.274  -18.386  5.088 33.6071281433
159644  47.920  -18.085  5.370 32.9768867493
159645  48.108  -17.667  4.977 34.3300857544
159646  48.965  -16.911  4.888 35.4593086243
159647  49.718  -16.232  4.712 37.6788406372
159648  50.528  -15.538  4.463 39.9055328369
159649  51.205  -15.411  4.421 39.4047355652
159650  51.843  -15.370  4.273 38.7345924377
159651  52.413  -15.374  4.037 38.2074165344
159652  51.470  -16.486  4.792 34.0659904480
159653  52.227  -15.899  4.237 35.7011566162
159654  52.979  -15.300  3.602 37.7863273621
159655  53.491  -15.298  3.155 38.0051002502
159656  54.033  -15.304  2.670 38.4005661011
159657  54.692  -15.321  2.201 38.8141822815
159678  52.195  -17.386  4.290 32.0584106445
159679  52.454  -17.887  3.846 33.0140190125
159680  52.722  -17.369  3.753 33.8376655579
159681  52.881  -16.854  3.654 34.4578323364
159682  53.618  -16.360  3.036 36.4207954407
159683  54.494  -15.851  2.393 37.9396018982
159684  55.501  -15.378  1.864 39.2713966370
159685  56.400  -15.425  1.770 39.8340988159
159686  57.265  -15.507  1.832 40.5845756531
159687  57.998  -15.662  1.985 40.9157943726
159688  56.539  -16.631  2.251 40.9915275574
159689  57.621  -16.243  2.182 41.2662582397
159690  58.713  -15.786  2.187 41.3778610229
159691  59.400  -15.886  2.441 41.7427330017
159692  60.040  -15.986  2.745 41.5874824524
159693  60.679  -16.045  3.002 41.4910774231
159694  55.213  -18.896  2.625 38.3678092957
159695  56.219  -18.480  2.692 40.0188789368
159696  57.242  -18.102  2.704 41.4421501160
159697  57.517  -18.672  2.948 41.9986572266
159698  57.893  -18.155  2.857 42.2368965149
159699  58.249  -17.655  2.764 42.3814697266
159700  59.243  -17.214  2.918 42.3562278748
159701  60.255  -16.664  3.101 42.0824775696
159702  61.319  -16.105  3.249 41.4241333008
159703  61.993  -16.166  3.452 39.9563102722
159704  62.569  -16.259  3.612 38.7095603943
159705  63.049  -16.377  3.731 37.7805633545
159706  61.748  -17.386  3.825 41.1332550049
159707  62.664  -16.928  3.895 39.2533073425
159708  63.539  -16.487  3.795 36.9440155029
159709  63.980  -16.655  3.776 35.7169342041
159710  64.391  -16.861  3.678 34.7731590271
159711  64.748  -17.110  3.542 34.0588951111
159913  53.906  -25.555  6.933 32.5650978088
159922  52.350  -24.757  5.778 31.7548160553
159927  51.796  -23.362  4.217 31.7804031372
159928  52.758  -22.852  4.068 34.7482261658
159929  53.655  -22.377  3.969 37.8326416016
159930  54.597  -21.919  3.891 39.7749290466
159931  55.036  -22.415  4.533 39.4163131714
159932  55.284  -21.943  4.167 40.3850479126
159933  55.557  -21.460  3.862 41.4809532166
159934  56.520  -21.040  3.908 42.5191116333
159935  57.459  -20.612  3.957 43.3441390991
159936  58.423  -20.159  3.996 43.8550148010
159937  58.025  -22.413  5.563 43.6298027039
159938  58.288  -21.991  5.279 44.3369522095
159939  58.522  -21.570  4.969 44.3080139160
159940  60.329  -21.132  5.140 46.0490493774
159941  59.558  -21.115  4.965 45.1700820923
159942  58.777  -21.109  4.743 44.4643974304
159943  58.978  -20.648  4.506 44.5949821472
159944  59.166  -20.172  4.274 44.1574363708
159945  59.402  -19.692  4.058 43.8009223938
159946  60.378  -19.253  4.095 43.5671234131
159947  61.310  -18.839  4.182 43.0617713928
159948  62.284  -18.425  4.238 42.1205749512
159949  62.778  -19.009  4.504 43.0647544861
159950  62.980  -18.505  4.357 41.7914543152
159951  63.219  -18.039  4.230 40.7177085876
159952  63.994  -17.745  4.082 39.0790405273
159953  64.648  -17.552  3.814 36.5243988037
159954  65.096  -17.446  3.321 33.6538543701
159955  65.312  -17.761  3.092 33.3678855896
159956  65.469  -18.130  2.835 33.0426559448
159957  65.530  -18.475  2.524 32.7050819397
159958  65.575  -18.906  3.328 36.0458946228
159959  65.625  -18.898  2.770 34.2211723328
159960  65.543  -18.886  2.190 32.2679672241
159962  65.329  -19.737  1.491 32.0724296570
159963  65.121  -20.153  1.118 32.3682327271
159964  65.345  -20.459  4.211 42.5290641785
159965  65.702  -20.403  3.747 40.4741897583
159966  65.857  -20.345  3.150 38.8421821594
159967  65.981  -21.087  2.938 40.1384277344
159968  65.923  -20.723  2.737 38.9778251648
159969  65.856  -20.363  2.508 37.3661079407
159970  65.663  -20.433  1.891 35.8678398132
159971  65.299  -20.496  1.304 34.2943115234
159972  64.846  -20.583  0.739 32.6317558289
159973  64.507  -21.018  0.343 32.5805587769
159974  64.100  -21.504  0.045 32.3260459900
159975  63.618  -22.029  -0.189 32.0896644592
159976  64.591  -22.186  0.413 35.7282295227
159977  63.894  -22.362  -0.000 33.9304008484
159982  64.326  -23.940  5.097 43.3360099792
159983  65.012  -23.801  4.800 42.6520538330
159984  65.610  -23.685  4.407 41.5075836182
159985  65.876  -24.477  4.309 37.5628318787
159986  65.989  -24.018  4.160 39.2120666504
159987  66.023  -23.637  3.932 40.0238914490
159988  66.343  -23.619  3.397 38.7330474854
159989  66.516  -23.628  2.833 37.4976806641
159990  66.424  -23.669  2.272 36.2554626465
159996  66.677  -25.013  2.574 32.6380462646
159997  66.570  -24.575  2.292 33.5911293030
159998  66.392  -24.147  2.012 34.3690834045
159999  66.190  -23.708  1.735 35.0055694580
160000  65.764  -23.674  1.334 33.7863883972
160001  65.112  -23.802  0.980 32.6581916809
163195  47.764  -18.189  1.204 48.3398056030
163196  48.055  -18.014  0.712 50.0896682739
163197  48.306  -17.812  0.249 51.5944824219
163198  49.189  -16.167  0.514 52.8149909973
163199  48.883  -16.936  0.191 53.0812568665
163200  48.608  -17.540  -0.226 53.0005416870
163201  48.850  -17.317  -0.724 54.5016670227
163202  49.095  -17.039  -1.223 54.8950042725
163203  49.311  -16.785  -1.707 55.1993293762
163204  51.288  -12.115  0.049 56.0514526367
163205  51.020  -12.833  -0.267 55.7150764465
163206  50.763  -13.704  -0.629 55.3096466064
163207  51.551  -12.194  -1.175 56.3264541626
163208  51.086  -13.337  -1.094 55.7257690430
163209  50.623  -14.416  -1.030 55.4868278503
163210  50.355  -15.070  -1.446 55.6822471619
163211  49.935  -15.804  -1.801 55.6749725342
163212  49.503  -16.357  -2.179 55.5522918701
163213  49.652  -15.967  -2.624 55.9796218872
163214  49.774  -15.585  -3.042 56.2237663269
163215  49.840  -15.184  -3.485 56.1985626221
163216  51.014  -13.478  -3.316 57.2900695801
163217  50.483  -14.154  -3.617 57.6215362549
163218  49.896  -14.769  -3.910 56.0525741577
163219  49.959  -14.321  -4.343 55.6084594727
163220  50.043  -13.804  -4.780 54.9224853516
163221  50.129  -13.318  -5.175 54.1066780090
163222  57.702  -5.090  -1.928 51.5560951233
163223  57.037  -5.386  -2.193 53.5512161255
163224  56.368  -5.698  -2.457 54.8529434204
163225  57.122  -4.075  -3.016 50.7145614624
163226  56.425  -5.048  -2.858 54.2164344788
163227  55.692  -6.018  -2.643 56.6474494934
163228  55.008  -6.424  -2.738 57.9253654480
163229  54.382  -6.848  -2.819 59.1458129883
163230  53.795  -7.377  -2.958 59.9634704590
163231  56.981  -1.464  -4.387 41.9219398499
163232  56.358  -2.408  -4.213 47.5452346802
163233  55.767  -3.405  -4.030 51.8947257996
163234  55.034  -3.225  -4.460 52.0866813660
163235  55.122  -3.865  -4.132 54.0726928711
163236  55.164  -4.468  -3.824 55.3538055420
163237  54.502  -5.620  -3.572 58.6637191772
163238  53.829  -6.854  -3.322 60.2630996704
163239  53.245  -8.054  -3.184 59.9961700439
163240  52.875  -8.685  -3.525 59.9668579102
163241  52.609  -9.440  -3.904 59.9603347778
163242  52.233  -10.184  -4.303 59.9458923340
163243  52.662  -8.389  -4.759 60.9558906555
163244  52.314  -9.629  -4.731 60.2330780029
163245  51.854  -10.844  -4.655 59.3752975464
163246  51.342  -11.571  -4.998 58.8008613586
163247  50.785  -12.221  -5.322 56.0068244934
163248  50.201  -12.832  -5.570 53.2152671814
163249  50.209  -12.378  -6.010 51.9030761719
163250  50.254  -11.898  -6.426 50.7964096069
163251  50.259  -11.442  -6.854 49.8514289856
163252  51.396  -9.572  -6.744 55.2926139832
163253  50.862  -10.268  -7.018 52.4515266418
163254  50.302  -10.944  -7.238 48.3993873596
163255  50.290  -10.451  -7.662 47.0588188171
163256  50.310  -9.962  -8.058 45.6066398621
163257  50.334  -9.433  -8.468 42.6634101868
163258  52.969  -4.140  -6.855 50.3825645447
163259  52.634  -4.950  -7.232 49.9968719482
163260  52.272  -5.789  -7.606 49.3911018372
163261  52.524  -3.808  -8.044 41.6525382996
163262  52.221  -5.203  -7.989 45.1954307556
163263  51.860  -6.546  -7.972 47.7439994812
163264  51.386  -7.384  -8.297 45.7178306580
163265  50.894  -8.174  -8.605 42.8783607483
163266  50.354  -8.903  -8.859 39.7410011292
163267  50.321  -8.408  -9.309 37.1781044006
163268  50.330  -7.968  -9.689 35.0668487549
163269  50.250  -7.486  -10.092 33.2482833862
163270  51.205  -5.316  -9.926 34.6775093079
163271  50.711  -6.188  -10.222 33.9335823059
163272  50.167  -7.067  -10.475 32.0526084900
