#!ascii label  , from subject fsaverage vox2ras=TkReg
692
79  49.416  -6.394  -11.910 18.4439258575
355  58.445  -5.464  -1.307 12.5004272461
634  49.499  -13.925  -5.427 18.8529129028
635  56.677  4.038  -7.798 17.6514873505
957  47.786  -5.245  -14.862 12.6393814087
1421  48.859  -17.266  -2.078 14.6557912827
1423  58.116  -0.550  -4.388 15.6511573792
1789  51.447  -11.807  0.824 14.8650531769
2538  49.712  -10.168  -8.702 21.7002410889
2539  53.152  -8.565  -2.756 23.9873294830
2540  53.247  -4.031  -6.102 28.8535499573
2541  52.753  0.849  -9.528 21.4329528809
2877  48.597  -5.848  -13.386 15.4107456207
2878  49.683  -1.226  -14.294 15.3930921555
2879  50.498  -1.710  -12.491 19.6898498535
5701  49.677  -12.042  -7.082 20.7079601288
5702  54.963  -8.806  -0.423 15.4899139404
5703  52.344  -10.376  -0.975 22.1641483307
5704  55.576  -6.646  -2.268 20.0357666016
5705  57.290  1.628  -6.005 19.6363048553
5706  55.405  -1.671  -4.961 24.5549640656
5707  55.073  1.154  -6.531 26.0675525665
5708  53.208  -1.354  -7.839 26.2559757233
5709  54.808  3.593  -8.298 19.9371395111
5710  53.773  5.022  -10.377 15.0092630386
5711  55.757  5.625  -9.895 15.7061061859
7165  49.257  -15.702  -3.792 17.3749885559
7167  58.325  -3.039  -2.855 14.7997350693
7169  58.964  0.767  -5.862 12.1372432709
7170  57.903  2.495  -7.896 13.5692577362
7171  57.060  4.235  -9.893 13.4207153320
10170  49.671  -8.264  -10.314 21.1548919678
10171  50.306  -14.705  -0.536 17.5619716644
10172  51.240  -13.298  -2.465 21.2320365906
10173  51.801  -11.304  -4.245 23.5488719940
10174  55.786  -4.054  -3.738 21.5032691956
10175  53.393  -6.361  -4.418 27.1627788544
10176  51.922  -9.317  -5.972 27.1089153290
10177  51.886  -7.171  -7.575 28.5499248505
10178  51.720  -5.052  -9.198 26.4523868561
10179  51.197  -3.059  -10.803 22.9927921295
10180  52.029  2.061  -11.275 17.2604160309
10555  48.051  -8.568  -12.281 13.1004009247
10557  48.976  -6.172  -12.657 16.8370933533
10558  49.586  -3.798  -13.034 18.7545547485
10559  50.012  -4.009  -12.198 20.3943634033
13377  48.158  -15.879  -5.163 14.0082273483
13379  48.283  -14.959  -5.982 14.6697130203
13380  48.452  -14.076  -6.781 15.2167882919
13381  49.581  -13.010  -6.268 19.7017326355
13382  56.843  -7.207  -1.013 13.6855077744
13383  55.337  -7.821  -1.377 18.1483974457
13384  56.929  -6.013  -1.811 16.3972949982
13385  56.962  2.823  -6.916 18.0980587006
13386  56.196  1.596  -6.152 22.4141807556
13387  55.965  2.894  -7.004 21.1879482269
13388  54.991  2.460  -7.357 23.2149677277
13389  55.799  4.132  -7.954 20.1379127502
13390  55.389  4.927  -8.936 17.2350807190
13391  56.297  4.879  -8.768 16.7564430237
14394  48.411  -2.945  -15.390 13.0470790863
14395  50.562  1.002  -13.895 14.0742044449
15779  47.734  -18.280  -2.716 12.1067037582
15780  47.943  -17.487  -3.533 13.1883325577
15781  49.107  -16.523  -2.935 16.5247764587
15788  58.421  1.565  -6.869 14.0179634094
22857  48.547  -12.333  -8.405 15.8461513519
22859  48.546  -11.463  -9.214 16.0892295837
22860  48.608  -10.457  -9.993 16.0319252014
22861  49.729  -9.225  -9.536 21.8555030823
22862  50.286  -13.629  1.128 12.0773754120
22863  49.698  -15.207  0.421 14.1225538254
22864  50.759  -13.107  0.193 16.9930744171
22865  52.835  -9.566  -1.872 23.0023097992
22866  51.834  -11.764  -1.640 22.0588531494
22867  52.222  -10.937  -2.528 23.1229648590
22868  51.561  -12.357  -3.381 22.4109859467
22869  52.516  -9.906  -3.478 24.2654190063
22870  58.285  -1.839  -3.653 14.6090002060
22871  57.086  -3.483  -3.338 17.7645988464
22872  57.056  -2.122  -4.044 18.4823875427
22873  54.199  -2.667  -5.408 27.4125270844
22874  54.359  -3.827  -4.616 26.3321800232
22875  53.317  -5.201  -5.174 28.5397777557
22876  52.644  -7.846  -5.163 27.7616500854
22877  52.633  -6.761  -6.031 29.3665142059
22878  51.882  -8.338  -6.787 28.5572204590
22879  52.675  -5.503  -6.833 29.2526111603
22880  52.993  -0.125  -8.675 23.7852706909
22881  52.469  -3.197  -8.508 26.6539916992
22882  52.220  -2.115  -9.349 24.7034797668
22883  51.524  -3.952  -10.015 24.7655162811
22884  51.932  -1.162  -10.173 22.6254596710
22885  51.574  -0.511  -10.996 20.6705703735
22886  52.383  1.536  -10.395 19.3158187866
22887  54.096  5.933  -11.144 12.8553333282
22888  53.167  5.370  -11.365 12.8955850601
22893  56.438  4.856  -10.988 12.7173147202
23611  48.146  -5.701  -14.095 14.0412693024
23612  48.807  -3.198  -14.611 15.2079353333
23613  49.189  -3.558  -13.789 17.2289066315
23614  50.138  -1.398  -13.405 17.5636711121
23615  50.964  0.782  -12.917 16.3094997406
24445  48.444  -17.906  -1.137 12.6481924057
28692  48.470  -13.259  -7.597 15.4827928543
28693  49.677  -11.175  -7.911 21.3817844391
28694  53.077  -10.214  0.335 16.5515327454
28695  51.861  -11.114  -0.119 19.9002399445
28696  53.460  -9.400  -0.637 19.6247577667
28697  53.976  -8.442  -1.568 21.3901901245
28698  54.262  -7.435  -2.392 22.5562324524
28699  57.606  0.440  -5.181 17.7282962799
28700  56.869  -0.839  -4.771 20.8158721924
28701  56.482  0.328  -5.439 21.8925285339
28702  55.215  -0.248  -5.733 25.9604530334
28703  54.089  -1.349  -6.217 27.5021095276
28704  53.245  -2.779  -6.914 28.0801868439
28705  54.052  0.093  -7.101 26.1720848083
28706  53.941  1.370  -7.963 23.3901596069
28707  53.655  2.384  -8.875 20.3677692413
28708  53.310  3.236  -9.778 17.9155845642
28709  54.299  4.384  -9.317 17.2383899689
28710  54.796  5.645  -10.062 15.2542552948
28711  55.000  6.008  -11.010 13.4063062668
30138  49.296  -0.900  -15.203 13.1580715179
32076  48.056  -16.718  -4.358 13.4994297028
32077  49.337  -14.895  -4.634 18.2342376709
32079  58.391  -4.252  -2.015 13.9476289749
32081  59.305  -1.902  -3.377 12.3481941223
32082  59.107  -0.736  -4.187 12.2130413055
32085  58.737  0.354  -4.975 13.6180429459
32086  58.150  1.299  -5.873 15.8027696609
32087  57.826  2.331  -6.835 16.2893486023
32088  57.390  3.361  -7.875 15.1422500610
32089  57.018  4.321  -8.812 15.5360307693
32090  57.492  3.418  -8.881 13.3650779724
32615  48.488  -8.728  -11.550 14.5506143570
34364  54.551  -9.747  0.539 12.2267522812
40745  48.547  -9.617  -10.755 15.4917631149
40746  49.562  -7.315  -11.103 19.9322681427
40748  49.178  -16.704  -0.292 14.1231889725
40749  49.702  -16.156  -1.324 16.6206436157
40750  51.268  -12.532  -0.731 20.4945545197
40751  50.869  -14.031  -1.521 19.9619998932
40752  50.124  -15.397  -2.272 18.6119480133
40753  50.418  -14.562  -3.176 19.7860431671
40754  50.566  -13.709  -4.019 20.8918514252
40755  50.731  -12.693  -4.895 21.8686981201
40756  57.079  -4.755  -2.600 17.5281448364
40757  55.739  -5.414  -3.033 20.9575290680
40758  54.465  -6.206  -3.203 23.7708053589
40759  55.710  -2.765  -4.329 22.7016601562
40760  54.500  -4.994  -3.905 25.0862369537
40761  53.384  -7.422  -3.623 25.5253295898
40762  52.638  -8.957  -4.342 25.9916152954
40763  51.862  -10.431  -5.104 25.2773361206
40764  50.818  -11.731  -5.743 23.2993354797
40765  50.849  -10.744  -6.636 24.9260158539
40766  50.891  -9.704  -7.421 25.9452934265
40767  50.902  -8.709  -8.205 26.1048049927
40768  52.582  -4.340  -7.637 28.3473758698
40769  51.812  -6.029  -8.373 27.8374443054
40770  50.880  -7.632  -9.004 25.7757053375
40771  50.792  -6.668  -9.813 24.8035278320
40772  50.611  -5.758  -10.616 23.3229141235
40773  50.355  -4.793  -11.388 21.8505401611
40774  50.832  -2.323  -11.628 21.2641773224
40775  51.266  0.103  -11.891 18.7621479034
40776  51.676  2.655  -12.278 14.7815361023
40777  52.828  3.783  -10.762 15.8096227646
40778  52.363  4.191  -11.762 13.5652122498
40783  56.511  5.068  -9.864 14.8003301620
40784  55.825  5.644  -10.976 13.7520551682
41275  48.753  -7.536  -12.114 15.8173522949
41276  48.552  -7.410  -12.477 15.1104745865
41277  49.179  -6.296  -12.282 17.6142120361
41278  49.529  -5.110  -12.432 19.1188526154
41279  49.772  -5.193  -12.087 19.9466514587
44097  48.822  -14.933  -5.292 16.4211177826
44098  48.188  -15.447  -5.588 14.3359460831
44099  48.877  -14.477  -5.696 16.7905883789
44100  48.931  -14.015  -6.117 17.2048568726
44101  49.549  -13.462  -5.845 19.2366123199
44102  57.708  -6.309  -1.187 13.0893363953
44103  56.943  -6.604  -1.427 15.0062475204
44104  57.741  -5.698  -1.558 14.3500165939
44105  56.826  3.429  -7.357 17.6273059845
44106  56.491  2.918  -6.917 19.4328022003
44107  56.365  3.558  -7.348 19.0534591675
44108  55.950  3.648  -7.457 20.7954006195
44109  56.326  4.162  -7.878 18.8723506927
44110  56.106  4.623  -8.359 18.2424755096
44111  56.528  4.457  -8.308 17.4109573364
45113  47.934  -3.912  -15.520 12.5667695999
45114  48.123  -4.032  -15.124 13.4498729706
45115  50.905  2.046  -13.617 12.9669790268
46497  48.170  -18.148  -1.939 12.4341897964
46499  48.316  -17.789  -2.407 13.3375387192
46500  48.426  -17.416  -2.837 14.2512416840
46501  48.993  -16.894  -2.526 15.5836448669
53577  49.116  -11.281  -8.553 18.9249095917
53578  48.546  -11.855  -8.816 15.9987668991
53579  49.150  -10.781  -8.969 19.0658092499
53580  49.132  -10.365  -9.377 19.0403079987
53581  49.749  -9.661  -9.145 21.7147026062
53582  50.832  -12.740  0.960 13.6111640930
53583  50.471  -13.419  0.652 14.5638761520
53584  51.036  -12.445  0.513 16.2981472015
53585  52.941  -9.034  -2.260 23.4064445496
53586  52.516  -10.147  -2.168 23.1380004883
53587  52.597  -9.759  -2.620 23.6504707336
53588  52.366  -10.442  -3.014 23.6328945160
53589  52.769  -9.254  -3.093 24.3407325745
53590  58.216  -1.214  -4.026 14.9136791229
53591  57.730  -1.909  -3.817 16.3287544250
53592  57.641  -1.263  -4.194 17.0107326508
53593  53.661  -3.309  -5.712 28.3994445801
53594  53.712  -3.953  -5.269 27.9954833984
53595  53.271  -4.674  -5.637 28.7153663635
53596  52.937  -6.028  -5.593 29.0473251343
53597  52.905  -5.446  -6.052 29.1505413055
53598  52.666  -6.115  -6.467 29.3119640350
53599  52.984  -4.754  -6.437 29.2082901001
53600  52.864  0.300  -9.095 22.5819034576
53601  52.558  -1.163  -8.983 24.2341880798
53602  52.472  -0.580  -9.432 23.1187667847
53603  52.103  -1.604  -9.755 23.6291465759
53604  52.322  -0.118  -9.859 22.0557518005
53605  52.157  0.208  -10.274 21.0424709320
53606  52.577  1.247  -9.959 20.3407249451
54708  48.176  -7.064  -13.166 13.6895666122
54710  47.966  -7.004  -13.497 13.0477190018
54711  47.777  -6.824  -13.864 12.4548654556
54712  48.345  -5.859  -13.725 14.7869787216
54713  48.674  -4.694  -13.953 15.6937780380
54714  48.924  -4.728  -13.602 16.5180778503
54715  50.047  -2.781  -12.734 19.5301570892
54716  49.860  -2.541  -13.227 18.7275257111
54717  50.282  -1.631  -12.915 18.6855316162
54718  50.521  -0.460  -13.121 17.0017547607
54719  50.754  -0.472  -12.686 18.2328701019
63177  49.074  -13.063  -6.929 17.8405742645
63178  48.446  -13.648  -7.182 15.3624839783
63179  49.058  -12.679  -7.335 18.0623893738
63180  49.076  -12.253  -7.759 18.3169937134
63181  49.659  -11.646  -7.505 21.0525665283
63182  53.969  -9.537  0.002 16.2590255737
63183  53.283  -9.774  -0.137 18.0882892609
63184  54.210  -9.044  -0.496 17.9548816681
63185  55.446  -7.271  -1.787 19.2374496460
63186  54.633  -8.128  -1.480 20.2282619476
63187  54.825  -7.529  -1.947 20.9762649536
63188  54.167  -7.913  -1.983 22.0213832855
63189  54.931  -6.980  -2.359 21.4486503601
63190  57.445  1.063  -5.563 18.7556629181
63191  57.092  0.475  -5.321 20.2053623199
63192  56.911  1.068  -5.678 20.6617794037
63193  55.611  1.402  -6.327 24.4141712189
63194  55.707  0.740  -5.915 24.4219322205
63195  55.119  0.372  -6.104 26.7607212067
63196  54.611  -0.773  -5.925 27.0231971741
63197  54.571  -0.078  -6.344 26.9991111755
63198  54.087  -0.610  -6.662 27.1961555481
63199  54.573  0.720  -6.809 26.1022186279
63200  54.912  3.060  -7.826 21.5972728729
63201  54.495  2.044  -7.647 23.2556953430
63202  54.376  2.553  -8.104 21.6551799774
63203  53.838  1.974  -8.436 21.8417911530
63204  54.257  3.159  -8.596 20.0546531677
63205  53.989  3.436  -9.061 18.5803928375
63206  54.551  4.011  -8.820 18.3438205719
63207  55.614  5.339  -9.378 16.4219627380
63208  55.153  5.390  -9.517 16.2587165833
63209  55.287  5.711  -9.965 15.4720621109
63210  54.923  5.912  -10.500 14.3869323730
63211  55.379  5.847  -10.480 14.7771596909
66225  49.245  -2.181  -14.471 15.4943161011
66226  49.081  -2.011  -14.887 14.4460535049
66227  49.501  -1.008  -14.749 14.2827672958
70377  48.614  -16.609  -3.647 15.6450185776
70378  48.027  -17.090  -3.937 13.3572607040
70379  48.667  -16.228  -4.069 15.7477455139
70380  48.694  -15.835  -4.492 15.8941965103
70381  49.292  -15.327  -4.211 17.8015346527
70388  59.205  -1.315  -3.784 12.3824768066
70397  58.892  0.608  -5.375 12.8628101349
70398  58.392  0.778  -5.446 14.7113475800
70399  58.577  1.059  -5.834 13.9878301620
70400  58.207  2.021  -7.311 13.9839935303
70401  58.144  1.980  -6.856 15.2807645798
70402  57.916  2.464  -7.325 14.9592075348
70403  57.576  2.822  -7.390 15.7202339172
70404  57.653  2.961  -7.907 14.3069744110
70405  57.476  3.485  -8.383 14.3011007309
70406  57.682  2.999  -8.420 12.8657808304
71639  47.953  -9.793  -11.372 12.3051452637
91617  49.164  -9.357  -10.156 18.7826938629
91618  48.583  -10.012  -10.385 15.9163675308
91619  49.129  -8.920  -10.539 18.3523120880
91620  49.082  -8.474  -10.930 17.9373264313
91621  49.622  -7.821  -10.708 20.6526088715
91625  50.037  -14.902  -0.041 15.8771686554
91626  49.456  -16.000  0.090 14.1779565811
91627  49.772  -15.712  -0.423 15.7476310730
91628  49.443  -16.441  -0.817 15.4720201492
91629  50.039  -15.469  -0.927 17.2188167572
91630  52.081  -10.749  -0.537 21.1938304901
91631  51.505  -11.778  -0.361 20.3880615234
91632  51.769  -11.426  -0.826 21.2888965607
91633  51.594  -12.527  -2.050 21.6996173859
91634  51.349  -12.944  -1.576 21.0597133636
91635  51.077  -13.676  -1.999 20.5842208862
91636  50.537  -14.747  -1.908 19.4339065552
91637  50.741  -14.347  -2.375 19.9798450470
91638  50.308  -14.968  -2.713 19.1817970276
91639  50.882  -13.941  -2.818 20.5728302002
91640  51.683  -11.860  -3.808 22.9568290710
91641  51.108  -13.053  -3.712 21.7021446228
91642  51.220  -12.564  -4.119 22.2921428680
91643  50.653  -13.210  -4.464 21.3494396210
91644  51.288  -12.052  -4.554 22.9453811646
91645  58.355  -3.691  -2.436 14.6674003601
91646  57.728  -4.490  -2.303 15.9513072968
91647  57.741  -3.860  -2.718 16.4854125977
91648  56.477  -3.734  -3.603 19.6628246307
91649  56.459  -4.403  -3.258 19.4712181091
91650  55.763  -4.754  -3.434 21.2108078003
91651  55.078  -5.799  -3.141 22.3433876038
91652  55.134  -5.116  -3.490 22.7784042358
91653  56.095  -1.171  -4.963 22.6140346527
91654  56.293  -1.746  -4.547 21.6757946014
91655  55.592  -2.150  -4.670 23.6098060608
91656  53.853  -5.071  -4.490 26.8581485748
91657  54.446  -4.398  -4.273 25.6933536530
91658  53.868  -5.654  -4.107 26.1207103729
91659  53.919  -6.197  -3.735 25.4526157379
91660  53.400  -6.900  -4.007 26.3555641174
91661  52.984  -8.179  -3.938 25.9943428040
91662  53.037  -7.619  -4.376 26.8067436218
91663  52.294  -8.653  -5.572 27.4983139038
91664  52.264  -9.208  -5.149 26.7136535645
91665  51.866  -9.916  -5.517 26.2425994873
91666  51.382  -11.087  -5.431 24.5194644928
91667  51.400  -10.550  -5.879 25.3119201660
91668  50.823  -11.255  -6.196 24.1090583801
91669  51.415  -10.039  -6.362 26.0421104431
91670  51.897  -7.754  -7.189 28.6822891235
91671  51.434  -9.013  -7.158 27.5378742218
91672  51.421  -8.464  -7.522 27.8803119659
91673  50.882  -9.214  -7.801 26.2406978607
91674  51.430  -7.931  -7.909 27.7736911774
91675  53.231  -2.079  -7.355 27.3331336975
91676  52.911  -3.545  -7.269 28.2379570007
91677  52.884  -2.852  -7.739 27.4169406891
91678  52.094  -4.114  -8.858 26.5904750824
91679  52.185  -4.690  -8.439 27.4427032471
91680  51.756  -5.617  -8.787 27.1624031067
91681  51.372  -6.903  -8.701 26.9943866730
91682  51.337  -6.351  -9.090 26.3134822845
91683  50.847  -7.108  -9.424 25.2481670380
91684  51.310  -5.775  -9.512 25.6690559387
91685  51.372  -3.500  -10.405 23.8607540131
91686  51.114  -4.821  -10.322 24.1796092987
91687  50.947  -4.396  -10.713 23.4320373535
91688  50.484  -5.266  -11.019 22.6139812469
91689  50.803  -3.932  -11.109 22.6884632111
91690  50.608  -3.533  -11.511 22.0101013184
91691  51.008  -2.697  -11.189 22.1768035889
91692  51.802  0.798  -11.124 19.1332187653
91693  51.420  -0.183  -11.455 19.7586917877
91694  51.621  1.081  -11.615 18.0881977081
91695  51.478  1.384  -12.070 16.8310241699
91696  51.813  2.321  -11.781 16.0049686432
91697  53.559  4.204  -10.033 16.2859153748
91698  53.071  3.615  -10.277 16.8651695251
91699  53.304  4.534  -10.546 15.2279005051
91701  52.758  4.883  -11.543 13.1582422256
91702  52.534  5.048  -12.063 12.0762147903
91703  52.158  4.422  -12.239 12.3405113220
91712  57.100  4.353  -9.335 14.5094051361
91713  56.803  4.718  -9.331 15.1376371384
91714  56.838  4.699  -9.860 14.1914978027
91716  56.146  5.269  -11.009 13.3296728134
91717  55.781  5.430  -11.546 12.2959156036
91718  55.413  5.697  -11.576 12.5221176147
92729  47.892  -8.362  -12.616 12.3843431473
92730  48.365  -7.199  -12.834 14.3803606033
92731  48.806  -5.971  -13.055 16.1074638367
92732  49.115  -4.828  -13.242 17.3893775940
92733  49.304  -4.979  -12.844 18.3144702911
92734  49.820  -3.921  -12.590 19.5416011810
92735  50.250  -2.868  -12.335 20.3916778564
97808  47.551  -15.942  -5.872 12.2750234604
97809  47.679  -15.448  -6.256 12.5325574875
97810  47.763  -15.035  -6.631 12.7787055969
97811  48.364  -14.504  -6.373 14.9739809036
97812  48.997  -13.565  -6.498 17.5669403076
97813  49.648  -12.503  -6.684 20.2008247375
97814  55.923  -8.033  -0.761 14.6372051239
97815  55.153  -8.297  -0.880 17.1058731079
97816  56.086  -7.497  -1.225 15.8867673874
97817  56.150  -6.930  -1.628 17.0955009460
97818  56.228  -6.368  -2.019 18.1812992096
97819  57.160  2.217  -6.428 18.7598762512
97820  56.766  1.657  -6.063 20.8223476410
97821  56.675  2.327  -6.490 20.0070323944
97822  56.065  2.248  -6.564 21.7086315155
97823  55.526  2.104  -6.736 23.8284225464
97824  55.045  1.876  -6.960 24.6472988129
97825  55.505  2.880  -7.167 23.2488002777
97826  55.410  3.394  -7.577 21.6755027771
97827  55.282  3.928  -8.090 19.9835128784
97828  55.095  4.362  -8.563 18.3465576172
97829  55.592  4.595  -8.423 18.5328693390
97830  55.861  4.968  -8.825 17.3197822571
97831  56.060  5.240  -9.310 16.2783451080
99638  48.682  -1.807  -15.731 12.3054256439
99639  50.139  -0.165  -14.109 14.8161993027
99640  49.913  -0.058  -14.605 13.6995220184
99641  50.311  0.983  -14.365 12.8532190323
102131  47.834  -17.889  -3.145 12.7290287018
102132  48.524  -17.023  -3.235 15.1846189499
102133  49.185  -16.127  -3.362 16.9491138458
102144  58.691  1.190  -6.324 13.2375354767
102145  58.664  1.186  -6.930 12.2712869644
102146  58.392  1.536  -7.432 12.6125068665
102147  58.088  2.010  -7.942 12.4933967590
114869  47.915  -13.299  -8.270 13.1276340485
114871  47.928  -12.888  -8.665 13.1841859818
114872  47.916  -12.487  -9.062 13.2099885941
114873  47.959  -12.007  -9.434 13.2114801407
114874  47.909  -11.620  -9.813 13.1572647095
114875  48.572  -10.949  -9.593 16.0425148010
114876  49.167  -9.842  -9.761 19.0929527283
114877  49.723  -8.748  -9.917 21.4565258026
114880  49.970  -14.402  0.799 13.1469249725
114881  50.229  -14.121  0.334 15.4011554718
114882  50.528  -13.877  -0.154 17.5550441742
114883  52.606  -9.990  -1.425 22.6444721222
114884  52.031  -11.064  -1.276 22.1448745728
114885  52.291  -10.705  -1.745 22.6751251221
114886  52.084  -11.316  -2.099 22.6426353455
114887  51.741  -12.154  -2.508 22.2845993042
114888  51.421  -12.845  -2.904 21.8775310516
114889  51.967  -11.628  -2.934 22.8226356506
114890  52.079  -11.132  -3.427 23.4042358398
114891  52.223  -10.589  -3.870 24.0608711243
114892  58.337  -2.431  -3.296 14.6333732605
114893  57.768  -3.164  -3.116 16.1693572998
114894  57.715  -2.605  -3.465 16.0882759094
114895  57.137  -2.770  -3.711 17.9297943115
114896  56.428  -3.045  -3.926 20.0493392944
114897  54.751  -2.156  -5.159 26.5188007355
114898  54.891  -2.670  -4.788 25.7110996246
114899  54.230  -3.361  -5.015 26.9037914276
114900  53.791  -4.527  -4.849 27.5351524353
114901  53.379  -5.768  -4.799 27.9612197876
114902  53.012  -7.043  -4.780 27.5341911316
114903  53.001  -6.453  -5.170 28.3081912994
114904  52.683  -7.269  -5.585 28.5871124268
114905  52.349  -8.035  -6.028 28.3026294708
114906  51.868  -8.831  -6.424 27.8315105438
114907  52.293  -7.491  -6.465 29.1581897736
114908  52.306  -6.952  -6.827 29.2694187164
114909  52.287  -6.402  -7.209 29.2306365967
114910  53.102  -0.703  -8.257 25.0025825500
114911  52.802  -2.291  -8.180 26.4132328033
114912  52.724  -1.653  -8.584 25.3057670593
114913  52.356  -2.611  -8.919 25.6716480255
114914  52.032  -3.658  -9.328 25.6625022888
114915  51.633  -4.462  -9.622 25.6144981384
114916  51.880  -3.083  -9.681 24.7869968414
114917  51.757  -2.565  -10.082 23.8339557648
114918  51.565  -2.151  -10.492 22.9373607635
114919  51.378  -1.809  -10.888 22.0668506622
114920  51.754  -0.841  -10.583 21.6535968781
114921  51.969  0.476  -10.681 20.0617065430
114922  52.196  1.776  -10.805 18.3485908508
114923  53.953  5.585  -10.742 13.9033517838
114924  53.461  5.193  -10.901 13.9095468521
114925  53.622  5.721  -11.285 12.7851247787
114932  56.930  4.004  -10.462 12.2334175110
114933  56.787  4.589  -10.409 13.1349830627
116533  47.996  -5.425  -14.496 13.3224840164
116534  48.315  -4.213  -14.738 14.1316413879
116535  48.491  -4.459  -14.342 14.8990840912
116536  48.983  -3.463  -14.191 16.3668003082
116537  49.440  -2.389  -14.026 16.5567092896
116538  49.418  -3.645  -13.415 18.0328254700
116539  49.688  -2.451  -13.611 17.6619167328
116540  49.922  -1.229  -13.847 16.5414199829
116541  50.375  -0.207  -13.630 15.8669023514
116542  50.746  0.798  -13.362 15.2208442688
116543  51.130  1.975  -13.142 14.4167490005
118477  48.674  -17.618  -1.606 13.6859502792
128384  47.822  -14.560  -7.045 12.9691352844
128385  47.830  -14.193  -7.445 13.1045656204
128386  47.884  -13.741  -7.866 13.1596097946
128387  48.511  -12.784  -8.009 15.6424760818
128388  49.117  -11.773  -8.154 18.6114807129
128389  49.699  -10.675  -8.301 21.7420082092
128390  52.225  -10.965  0.610 15.8894863129
128391  51.674  -11.476  0.349 17.7917556763
128392  52.418  -10.570  0.139 18.2530155182
128393  52.551  -10.214  -0.328 19.6804866791
128394  52.816  -9.816  -0.776 21.0689373016
128395  54.403  -8.621  -0.991 19.4668312073
128396  53.697  -8.952  -1.092 20.7225685120
128397  53.060  -9.375  -1.203 21.9329090118
128398  53.353  -8.915  -1.664 22.5072460175
128399  53.508  -8.405  -2.070 23.0379600525
128400  53.675  -7.918  -2.526 23.5847530365
128401  57.927  -0.035  -4.709 16.7449645996
128402  57.533  -0.634  -4.548 18.0432147980
128403  57.244  -0.140  -4.973 19.2303142548
128404  56.645  -0.260  -5.133 21.5010833740
128405  55.958  -0.627  -5.198 23.2768497467
128406  56.301  0.964  -5.761 22.3963584900
128407  55.824  0.132  -5.546 23.7901744843
128408  55.288  -0.983  -5.333 25.2885360718
128409  54.727  -1.398  -5.569 26.9089603424
128410  54.111  -1.986  -5.815 27.6533718109
128411  53.635  -2.677  -6.126 28.4677600861
128412  53.273  -3.401  -6.501 28.7477989197
128413  53.637  -2.020  -6.567 27.9262104034
128414  53.612  -1.343  -6.975 27.3085269928
128415  53.580  -0.656  -7.443 26.2174110413
128416  54.521  1.373  -7.232 24.6750087738
128417  53.977  0.741  -7.546 24.7767314911
128418  53.579  0.090  -7.877 24.8749637604
128419  53.450  0.686  -8.332 23.5626163483
128420  53.295  1.237  -8.766 22.1597652435
128421  53.182  1.641  -9.190 20.8534679413
128422  53.040  2.122  -9.618 19.6576042175
128423  53.495  2.806  -9.307 19.0345821381
128424  53.801  3.835  -9.493 17.3964633942
128425  54.062  4.719  -9.833 16.1274814606
128426  54.850  4.760  -9.128 17.2007598877
128427  54.608  5.190  -9.673 16.1488571167
128428  54.290  5.405  -10.204 15.0983381271
128429  54.459  5.846  -10.607 14.0691967010
128430  54.564  6.035  -11.067 13.0723648071
128431  54.644  6.102  -11.591 12.0865144730
132270  48.615  -3.010  -15.024 14.0887870789
132271  48.903  -1.793  -15.343 13.3777065277
132273  49.726  0.113  -15.043 12.6116504669
137531  48.087  -16.293  -4.778 13.7164354324
137532  48.742  -15.382  -4.884 16.1239147186
137533  49.442  -14.371  -5.026 18.5153408051
137535  58.449  -4.837  -1.655 13.4599790573
137536  59.040  -4.122  -1.766 12.3276271820
137537  58.968  -3.576  -2.179 12.8511714935
137538  58.916  -3.022  -2.616 13.3184728622
137540  59.343  -2.515  -2.910 12.2011013031
137541  58.879  -2.413  -3.070 13.3833665848
137542  58.810  -1.830  -3.509 13.3525371552
137543  58.716  -1.250  -3.877 13.3188781738
137544  58.613  -0.656  -4.253 13.7056388855
137552  58.941  -0.208  -4.519 12.6926231384
137553  58.499  0.026  -4.629 14.5278244019
137554  58.167  0.402  -5.071 15.5660352707
137555  57.899  0.915  -5.484 16.6311378479
137556  57.737  1.487  -5.918 17.6876373291
137557  58.341  1.505  -6.354 15.0762119293
137558  57.983  1.789  -6.366 16.5715541840
137559  57.594  2.042  -6.397 17.8042678833
137560  57.447  2.613  -6.878 17.1306095123
137561  57.207  3.144  -7.376 16.5646781921
137562  57.063  3.762  -7.844 16.4395122528
137563  56.871  4.220  -8.296 16.5405902863
137564  57.217  3.890  -8.328 15.5309486389
137565  57.285  3.908  -8.832 14.5970859528
137566  57.296  3.845  -9.345 13.5623140335
137568  57.432  3.304  -9.422 12.2411413193
137569  57.255  3.720  -9.876 12.4035959244
139078  48.265  -8.681  -11.936 13.8165073395
139079  48.990  -7.567  -11.728 16.5437870026
144133  52.040  -11.312  1.055 13.0892868042
144134  52.864  -10.638  0.801 13.9795932770
144135  53.779  -9.969  0.467 14.5188493729
144136  54.757  -9.290  0.065 13.9467067719
144139  55.789  -8.545  -0.316 13.1435699463
144140  56.711  -7.759  -0.591 12.3520441055
163189  47.987  -11.085  -10.232 13.1817903519
163190  47.972  -10.660  -10.618 13.1565170288
163191  47.942  -10.256  -10.991 12.8279495239
163192  48.514  -9.159  -11.138 15.0501432419
163193  49.034  -8.030  -11.299 17.2771682739
163194  49.505  -6.822  -11.486 19.2093658447
163198  49.189  -16.167  0.514 12.5162553787
163199  48.883  -16.936  0.191 12.6485786438
163200  48.608  -17.540  -0.226 12.4496107101
163201  48.850  -17.317  -0.724 13.4875707626
163202  49.095  -17.039  -1.223 14.5959873199
163203  49.311  -16.785  -1.707 15.6887893677
163204  51.288  -12.115  0.049 18.9340362549
163205  51.020  -12.833  -0.267 19.3265304565
163206  50.763  -13.704  -0.629 19.5567226410
163207  51.551  -12.194  -1.175 21.2979469299
163208  51.086  -13.337  -1.094 20.4268074036
163209  50.623  -14.416  -1.030 19.1242923737
163210  50.355  -15.070  -1.446 18.5708084106
163211  49.935  -15.804  -1.801 17.7395935059
163212  49.503  -16.357  -2.179 16.7768497467
163213  49.652  -15.967  -2.624 17.7897090912
163214  49.774  -15.585  -3.042 18.2752647400
163215  49.840  -15.184  -3.485 18.7024135590
163216  51.014  -13.478  -3.316 21.1588764191
163217  50.483  -14.154  -3.617 20.3755340576
163218  49.896  -14.769  -3.910 19.1241817474
163219  49.959  -14.321  -4.343 19.5741634369
163220  50.043  -13.804  -4.780 20.0774936676
163221  50.129  -13.318  -5.175 20.6500511169
163222  57.702  -5.090  -1.928 15.2290973663
163223  57.037  -5.386  -2.193 16.9755077362
163224  56.368  -5.698  -2.457 18.6884021759
163225  57.122  -4.075  -3.016 17.8351917267
163226  56.425  -5.048  -2.858 19.2121105194
163227  55.692  -6.018  -2.643 20.5157947540
163228  55.008  -6.424  -2.738 21.8604526520
163229  54.382  -6.848  -2.819 23.1347751617
163230  53.795  -7.377  -2.958 24.1578960419
163231  56.981  -1.464  -4.387 19.4909591675
163232  56.358  -2.408  -4.213 20.7902030945
163233  55.767  -3.405  -4.030 21.9437770844
163234  55.034  -3.225  -4.460 24.7606315613
163235  55.122  -3.865  -4.132 23.9240360260
163236  55.164  -4.468  -3.824 23.2843246460
163237  54.502  -5.620  -3.572 24.4124774933
163238  53.829  -6.854  -3.322 24.8029403687
163239  53.245  -8.054  -3.184 24.7126445770
163240  52.875  -8.685  -3.525 25.1837100983
163241  52.609  -9.440  -3.904 25.1048603058
163242  52.233  -10.184  -4.303 24.9578132629
163243  52.662  -8.389  -4.759 26.9326591492
163244  52.314  -9.629  -4.731 25.8032436371
163245  51.854  -10.844  -4.655 24.3691787720
163246  51.342  -11.571  -4.998 23.7529201508
163247  50.785  -12.221  -5.322 22.5247573853
163248  50.201  -12.832  -5.570 21.3020420074
163249  50.209  -12.378  -6.010 21.7940464020
163250  50.254  -11.898  -6.426 22.3073787689
163251  50.259  -11.442  -6.854 22.8499069214
163252  51.396  -9.572  -6.744 26.7655010223
163253  50.862  -10.268  -7.018 25.4359130859
163254  50.302  -10.944  -7.238 23.3231163025
163255  50.290  -10.451  -7.662 23.8600921631
163256  50.310  -9.962  -8.058 24.3729820251
163257  50.334  -9.433  -8.468 24.3039398193
163258  52.969  -4.140  -6.855 29.0476016998
163259  52.634  -4.950  -7.232 29.1216678619
163260  52.272  -5.789  -7.606 29.0750904083
163261  52.524  -3.808  -8.044 27.5580921173
163262  52.221  -5.203  -7.989 28.2393188477
163263  51.860  -6.546  -7.972 28.4782238007
163264  51.386  -7.384  -8.297 27.5907764435
163265  50.894  -8.174  -8.605 26.0875892639
163266  50.354  -8.903  -8.859 24.2023410797
163267  50.321  -8.408  -9.309 24.0087013245
163268  50.330  -7.968  -9.689 23.4642238617
163269  50.250  -7.486  -10.092 23.0180130005
163270  51.205  -5.316  -9.926 24.8965873718
163271  50.711  -6.188  -10.222 24.0467987061
163272  50.167  -7.067  -10.475 22.4426097870
163273  50.090  -6.568  -10.883 21.8321342468
163274  50.014  -6.043  -11.278 21.2754516602
163275  49.899  -5.570  -11.648 20.5979633331
163276  50.194  -4.395  -11.791 21.1232547760
163277  50.432  -3.203  -11.919 21.2459926605
163278  50.668  -1.966  -12.069 20.4336166382
163279  51.216  -1.442  -11.309 21.1607704163
163280  51.049  -1.149  -11.741 20.3387393951
163281  50.911  -0.736  -12.224 19.5505294800
163282  51.145  0.477  -12.391 17.4923248291
163283  51.331  1.691  -12.582 15.5971832275
163284  51.461  2.845  -12.778 13.5369462967
163285  52.826  2.478  -10.090 18.5970973969
163286  52.600  2.778  -10.530 17.6073951721
163287  52.399  2.916  -10.999 16.5392532349
163288  53.013  4.644  -11.040 14.1962871552
163289  52.588  3.950  -11.249 14.6834430695
163290  52.206  3.201  -11.488 15.3323497772
163291  51.991  3.445  -11.985 14.1114168167
163292  51.798  3.686  -12.496 12.8042888641
163303  56.658  4.614  -8.782 16.2206306458
163304  56.441  5.016  -9.308 15.6994171143
163305  56.195  5.405  -9.850 15.3181571960
163306  56.514  5.035  -10.405 13.8221073151
163307  56.211  5.420  -10.416 14.3526840210
163308  55.811  5.708  -10.429 14.8034133911
163309  55.433  5.847  -11.028 13.8394031525
163310  55.042  5.979  -11.568 12.4061861038
